290
686
198
3
0
2
17
0
1
2
5
3
0
2
17
0
1
2
5
2
0
1
21
2
0
1
21
3
0
2
17
0
1
2
5
3
0
2
17
0
1
2
5
3
0
2
17
0
1
2
5
3
0
2
17
0
1
2
5
3
0
2
17
0
1
2
5
3
0
2
17
0
1
2
5
3
0
2
17
0
1
2
5
3
0
2
17
0
1
2
5
3
0
2
17
0
1
2
5
3
0
2
17
0
1
2
5
3
0
2
17
0
1
2
5
3
0
2
17
0
1
2
5
3
0
2
17
0
1
2
5
3
0
2
17
0
1
2
5
3
0
2
17
0
1
2
5
3
0
2
17
0
1
2
5
2
0
1
21
2
0
1
21
2
0
1
21
2
0
1
21
2
0
1
21
2
0
1
21
2
0
1
21
2
0
1
21
2
0
1
21
2
0
1
21
2
0
1
21
2
0
1
21
3
0
2
17
0
1
2
5
3
0
2
17
0
1
2
5
3
0
2
17
0
1
2
5
3
0
2
17
0
1
2
5
2
0
1
21
2
0
1
21
3
0
2
17
0
1
2
5
2
0
1
21
2
0
1
21
2
0
1
21
2
0
1
21
2
0
1
21
2
0
1
21
2
0
1
21
2
0
1
21
2
0
1
21
2
0
1
21
2
0
1
21
2
0
1
21
2
0
1
21
2
0
1
21
2
0
1
21
2
0
1
21
2
0
1
21
2
0
1
21
3
0
2
17
0
1
2
5
3
0
2
17
0
1
2
5
3
0
2
17
0
1
2
5
3
0
2
17
0
1
2
5
2
0
1
21
2
0
1
21
3
0
2
17
0
1
2
5
2
0
1
21
2
0
1
21
2
0
1
21
2
0
1
21
2
0
1
21
2
0
1
21
2
0
1
21
2
0
1
21
2
0
1
21
2
0
1
21
2
0
1
21
2
0
1
21
2
0
1
21
2
0
1
21
2
0
1
21
2
0
1
21
2
0
1
21
2
0
1
21
3
0
2
17
0
1
2
5
3
0
2
17
0
1
2
5
3
0
2
17
0
1
2
5
3
0
2
17
0
1
2
5
2
0
1
21
2
0
1
21
3
0
2
17
0
1
2
5
2
0
1
21
2
0
1
21
2
0
1
21
2
0
1
21
2
0
1
21
2
0
1
21
3
0
2
17
0
1
2
5
3
0
2
17
0
1
2
5
3
0
2
17
0
1
2
5
2
0
1
21
2
0
1
21
2
0
1
21
3
0
2
17
0
1
2
5
2
0
1
21
3
0
2
17
0
1
2
5
2
0
1
21
3
0
2
17
0
1
2
5
3
0
2
17
0
1
2
5
2
0
1
21
2
0
1
21
2
0
1
21
2
0
1
21
3
0
2
17
0
1
2
5
2
0
1
21
2
0
1
21
2
0
1
21
2
0
1
21
3
0
2
17
0
1
2
5
2
0
1
21
2
0
1
21
2
0
1
21
2
0
1
21
3
0
2
17
0
1
2
5
3
0
2
17
0
1
2
5
3
0
2
17
0
1
2
5
2
0
1
21
3
0
2
17
0
1
2
5
3
0
2
17
0
1
2
5
2
0
1
21
2
0
1
21
2
0
1
21
2
0
1
21
2
0
1
21
2
0
1
21
3
0
2
17
0
1
2
5
2
0
1
21
3
0
2
17
0
1
2
5
3
0
2
17
0
1
2
5
3
0
2
17
0
1
2
5
3
0
2
17
0
1
2
5
3
0
2
17
0
1
2
5
3
0
2
17
0
1
2
5
3
0
2
17
0
1
2
5
2
0
1
21
3
0
2
17
0
1
2
5
3
0
2
17
0
1
2
5
3
0
2
17
0
1
2
5
3
0
2
17
0
1
2
5
3
0
2
17
0
1
2
5
2
0
1
21
3
0
2
17
0
1
2
5
2
0
1
21
3
0
2
17
0
1
2
5
3
0
2
17
0
1
2
5
2
0
1
21
3
0
2
17
0
1
2
5
2
0
1
21
3
0
2
17
0
1
2
5
3
0
2
17
0
1
2
5
2
0
1
21
3
0
2
17
0
1
2
5
3
0
2
17
0
1
2
5
3
0
2
17
0
1
2
5
2
0
1
21
3
0
2
17
0
1
2
5
3
0
2
17
0
1
2
5
3
0
2
17
0
1
2
5
3
0
2
17
0
1
2
5
3
0
2
17
0
1
2
5
3
0
2
17
0
1
2
5
3
0
2
17
0
1
2
5
3
0
2
17
0
1
2
5
2
0
1
21
3
0
2
17
0
1
2
5
3
0
2
17
0
1
2
5
2
0
1
21
2
0
1
21
2
0
1
21
2
0
1
21
2
0
1
21
2
0
1
21
3
0
2
17
0
1
2
5
2
0
1
21
2
0
1
21
2
0
1
21
2
0
1
21
3
0
2
17
0
1
2
5
3
0
2
17
0
1
2
5
3
0
2
17
0
1
2
5
2
0
1
21
3
0
2
17
0
1
2
5
3
0
2
17
0
1
2
5
3
0
2
17
0
1
2
5
3
0
2
17
0
1
2
5
3
0
2
17
0
1
2
5
3
0
2
17
0
1
2
5
3
0
2
17
0
1
2
5
3
0
2
17
0
1
2
5
3
0
2
17
0
1
2
5
4.750034
-10.703577
-39.005421
4.750034
-10.703577
-35.005421
10.250034
-10.703577
-35.005421
10.250034
-10.703577
-39.005421
15.750034
-10.703577
-39.005421
10.250034
-10.703577
-39.005421
10.250034
-10.703577
-35.005421
15.750034
-10.703577
-35.005421
-50.749966
-23.203577
-31.505421
-56.749966
-23.203577
-31.505421
-56.749966
-23.203577
-25.505421
-56.749966
-23.203577
11.494579
-56.749966
-23.203577
17.994579
-50.749966
-23.203577
17.994579
-44.249966
-23.203577
-25.505421
-44.249966
-23.203577
-31.505421
-50.749966
-23.203577
-31.505421
-56.749966
-23.203577
-25.505421
-50.749966
-23.203577
17.994579
-44.249966
-23.203577
17.994579
-44.249966
-23.203577
11.494579
-56.749966
-23.203577
11.494579
-56.749966
-23.203577
-1.005421
-56.749966
-23.203577
5.494579
-44.249966
-23.203577
5.494579
-44.249966
-23.203577
-1.005421
-44.249966
-23.203577
-13.505421
-44.249966
-23.203577
-19.505421
-56.749966
-23.203577
-19.505421
-56.749966
-23.203577
-13.505421
-56.749966
-23.203577
5.494579
-56.749966
-23.203577
11.494579
-44.249966
-23.203577
11.494579
-44.249966
-23.203577
5.494579
-44.249966
-23.203577
-1.005421
-44.249966
-23.203577
-7.005421
-56.749966
-23.203577
-7.005421
-56.749966
-23.203577
-1.005421
-44.249966
-23.203577
-19.505421
-44.249966
-23.203577
-25.505421
-56.749966
-23.203577
-25.505421
-56.749966
-23.203577
-19.505421
-44.249966
-23.203577
-7.005421
-44.249966
-23.203577
-13.505421
-56.749966
-23.203577
-13.505421
-56.749966
-23.203577
-7.005421
46.250034
-23.203577
-25.505421
46.250034
-23.203577
-31.505421
44.750034
-23.203577
-31.505421
44.750034
-23.203577
-25.505421
44.750034
-23.203577
-7.005421
44.750034
-23.203577
-1.005421
46.250034
-23.203577
-1.005421
46.250034
-23.203577
-7.005421
46.250034
-23.203577
-19.505421
46.250034
-23.203577
-25.505421
44.750034
-23.203577
-25.505421
44.750034
-23.203577
-19.505421
44.750034
-23.203577
-1.005421
44.750034
-23.203577
5.494579
46.250034
-23.203577
5.494579
46.250034
-23.203577
-1.005421
46.250034
-23.203577
-13.505421
46.250034
-23.203577
-19.505421
44.750034
-23.203577
-19.505421
44.750034
-23.203577
-13.505421
46.250034
-23.203577
11.494579
46.250034
-23.203577
5.494579
44.750034
-23.203577
5.494579
44.750034
-23.203577
11.494579
44.750034
-23.203577
11.494579
44.750034
-23.203577
17.994579
46.250034
-23.203577
17.994579
46.250034
-23.203577
11.494579
46.250034
-23.203577
-7.005421
46.250034
-23.203577
-13.505421
44.750034
-23.203577
-13.505421
44.750034
-23.203577
-7.005421
-30.249966
4.296423
-30.505421
-39.749966
4.296423
-30.505421
-39.749966
4.296423
-25.005421
-39.749966
4.296423
10.494579
-39.749966
4.296423
16.494579
-30.249966
4.296423
16.494579
39.750034
4.296423
-25.005421
39.750034
4.296423
-30.505421
29.750034
4.296423
-30.505421
29.750034
4.296423
16.494579
39.750034
4.296423
16.494579
39.750034
4.296423
10.494579
-30.249966
4.296423
-30.505421
-39.749966
4.296423
-25.005421
-39.749966
4.296423
-19.005421
39.750034
4.296423
-19.005421
39.750034
4.296423
-25.005421
29.750034
4.296423
-30.505421
-39.749966
4.296423
4.494579
-39.749966
4.296423
10.494579
-30.249966
4.296423
16.494579
29.750034
4.296423
16.494579
39.750034
4.296423
10.494579
39.750034
4.296423
4.494579
-30.249966
4.296423
-30.505421
-39.749966
4.296423
-19.005421
-39.749966
4.296423
-13.005421
39.750034
4.296423
-13.005421
39.750034
4.296423
-19.005421
29.750034
4.296423
-30.505421
-39.749966
4.296423
-1.505421
-39.749966
4.296423
4.494579
-30.249966
4.296423
16.494579
29.750034
4.296423
16.494579
39.750034
4.296423
4.494579
39.750034
4.296423
-1.505421
-39.749966
4.296423
-7.005421
-39.749966
4.296423
-1.505421
-30.249966
4.296423
16.494579
-20.249966
4.296423
16.494579
-30.249966
4.296423
-30.505421
-39.749966
4.296423
-13.005421
-39.749966
4.296423
-7.005421
-20.249966
4.296423
-30.505421
29.750034
4.296423
16.494579
39.750034
4.296423
-1.505421
39.750034
4.296423
-7.005421
19.750034
4.296423
16.494579
39.750034
4.296423
-7.005421
39.750034
4.296423
-13.005421
29.750034
4.296423
-30.505421
19.750034
4.296423
-30.505421
-0.249966
4.296423
16.494579
9.750034
4.296423
16.494579
39.750034
4.296423
-7.005421
-0.249966
4.296423
-30.505421
-10.249966
4.296423
-30.505421
-39.749966
4.296423
-7.005421
-0.249966
4.296423
16.494579
39.750034
4.296423
-7.005421
-0.249966
4.296423
-30.505421
-39.749966
4.296423
-7.005421
39.750034
4.296423
-7.005421
9.750034
4.296423
-30.505421
-0.249966
4.296423
-30.505421
-39.749966
4.296423
-7.005421
-20.249966
4.296423
16.494579
-10.249966
4.296423
16.494579
-10.249966
4.296423
-30.505421
-20.249966
4.296423
-30.505421
-39.749966
4.296423
-7.005421
9.750034
4.296423
16.494579
19.750034
4.296423
16.494579
39.750034
4.296423
-7.005421
39.750034
4.296423
-7.005421
19.750034
4.296423
-30.505421
9.750034
4.296423
-30.505421
-39.749966
4.296423
-7.005421
-10.249966
4.296423
16.494579
-0.249966
4.296423
16.494579
-30.249966
12.796423
-30.505421
-39.749966
12.796423
-30.505421
-39.749966
12.796423
-25.005421
-39.749966
12.796423
10.494579
-39.749966
12.796423
16.494579
-30.249966
12.796423
16.494579
39.750034
12.796423
-25.005421
39.750034
12.796423
-30.505421
29.750034
12.796423
-30.505421
29.750034
12.796423
16.494579
39.750034
12.796423
16.494579
39.750034
12.796423
10.494579
-30.249966
12.796423
-30.505421
-39.749966
12.796423
-25.005421
-39.749966
12.796423
-19.005421
39.750034
12.796423
-19.005421
39.750034
12.796423
-25.005421
29.750034
12.796423
-30.505421
-39.749966
12.796423
4.494579
-39.749966
12.796423
10.494579
-30.249966
12.796423
16.494579
29.750034
12.796423
16.494579
39.750034
12.796423
10.494579
39.750034
12.796423
4.494579
-30.249966
12.796423
-30.505421
-39.749966
12.796423
-19.005421
-39.749966
12.796423
-13.005421
39.750034
12.796423
-13.005421
39.750034
12.796423
-19.005421
29.750034
12.796423
-30.505421
-39.749966
12.796423
-1.505421
-39.749966
12.796423
4.494579
-30.249966
12.796423
16.494579
29.750034
12.796423
16.494579
39.750034
12.796423
4.494579
39.750034
12.796423
-1.505421
-39.749966
12.796423
-7.005421
-39.749966
12.796423
-1.505421
-30.249966
12.796423
16.494579
-20.249966
12.796423
16.494579
-30.249966
12.796423
-30.505421
-39.749966
12.796423
-13.005421
-39.749966
12.796423
-7.005421
-20.249966
12.796423
-30.505421
29.750034
12.796423
16.494579
39.750034
12.796423
-1.505421
39.750034
12.796423
-7.005421
19.750034
12.796423
16.494579
39.750034
12.796423
-7.005421
39.750034
12.796423
-13.005421
29.750034
12.796423
-30.505421
19.750034
12.796423
-30.505421
-0.249966
12.796423
16.494579
9.750034
12.796423
16.494579
39.750034
12.796423
-7.005421
-0.249966
12.796423
-30.505421
-10.249966
12.796423
-30.505421
-39.749966
12.796423
-7.005421
-0.249966
12.796423
16.494579
39.750034
12.796423
-7.005421
-0.249966
12.796423
-30.505421
-39.749966
12.796423
-7.005421
39.750034
12.796423
-7.005421
9.750034
12.796423
-30.505421
-0.249966
12.796423
-30.505421
-39.749966
12.796423
-7.005421
-20.249966
12.796423
16.494579
-10.249966
12.796423
16.494579
-10.249966
12.796423
-30.505421
-20.249966
12.796423
-30.505421
-39.749966
12.796423
-7.005421
9.750034
12.796423
16.494579
19.750034
12.796423
16.494579
39.750034
12.796423
-7.005421
39.750034
12.796423
-7.005421
19.750034
12.796423
-30.505421
9.750034
12.796423
-30.505421
-39.749966
12.796423
-7.005421
-10.249966
12.796423
16.494579
-0.249966
12.796423
16.494579
-30.249966
25.296423
-30.505421
-39.749966
25.296423
-30.505421
-39.749966
25.296423
-25.005421
-39.749966
25.296423
10.494579
-39.749966
25.296423
16.494579
-30.249966
25.296423
16.494579
39.750034
25.296423
-25.005421
39.750034
25.296423
-30.505421
29.750034
25.296423
-30.505421
29.750034
25.296423
16.494579
39.750034
25.296423
16.494579
39.750034
25.296423
10.494579
-30.249966
25.296423
-30.505421
-39.749966
25.296423
-25.005421
-39.749966
25.296423
-19.005421
39.750034
25.296423
-19.005421
39.750034
25.296423
-25.005421
29.750034
25.296423
-30.505421
-39.749966
25.296423
4.494579
-39.749966
25.296423
10.494579
-30.249966
25.296423
16.494579
29.750034
25.296423
16.494579
39.750034
25.296423
10.494579
39.750034
25.296423
4.494579
-30.249966
25.296423
-30.505421
-39.749966
25.296423
-19.005421
-39.749966
25.296423
-13.005421
39.750034
25.296423
-13.005421
39.750034
25.296423
-19.005421
29.750034
25.296423
-30.505421
-39.749966
25.296423
-1.505421
-39.749966
25.296423
4.494579
-30.249966
25.296423
16.494579
29.750034
25.296423
16.494579
39.750034
25.296423
4.494579
39.750034
25.296423
-1.505421
-39.749966
25.296423
-7.005421
-39.749966
25.296423
-1.505421
-30.249966
25.296423
16.494579
-20.249966
25.296423
16.494579
-30.249966
25.296423
-30.505421
-39.749966
25.296423
-13.005421
-39.749966
25.296423
-7.005421
-20.249966
25.296423
-30.505421
29.750034
25.296423
16.494579
39.750034
25.296423
-1.505421
39.750034
25.296423
-7.005421
19.750034
25.296423
16.494579
39.750034
25.296423
-7.005421
39.750034
25.296423
-13.005421
29.750034
25.296423
-30.505421
19.750034
25.296423
-30.505421
-0.249966
25.296423
16.494579
9.750034
25.296423
16.494579
39.750034
25.296423
-7.005421
-0.249966
25.296423
-30.505421
-10.249966
25.296423
-30.505421
-39.749966
25.296423
-7.005421
-0.249966
25.296423
16.494579
39.750034
25.296423
-7.005421
-0.249966
25.296423
-30.505421
-39.749966
25.296423
-7.005421
39.750034
25.296423
-7.005421
9.750034
25.296423
-30.505421
-0.249966
25.296423
-30.505421
-39.749966
25.296423
-7.005421
-20.249966
25.296423
16.494579
-10.249966
25.296423
16.494579
-10.249966
25.296423
-30.505421
-20.249966
25.296423
-30.505421
-39.749966
25.296423
-7.005421
9.750034
25.296423
16.494579
19.750034
25.296423
16.494579
39.750034
25.296423
-7.005421
39.750034
25.296423
-7.005421
19.750034
25.296423
-30.505421
9.750034
25.296423
-30.505421
-39.749966
25.296423
-7.005421
-10.249966
25.296423
16.494579
-0.249966
25.296423
16.494579
-39.249966
-23.203577
-30.005421
-39.249966
-23.203577
-28.505421
-37.749966
-23.203577
-28.505421
-37.249966
-23.203577
-29.505421
-39.249966
-17.203577
1.994579
-33.249966
-17.203577
1.994579
-33.249966
-17.203577
-2.005421
-39.249966
-17.203577
-6.005421
-22.749966
-17.203577
-3.505421
-11.249966
-17.203577
-22.505421
-25.249966
-17.203577
-30.005421
-39.249966
-17.203577
-14.005421
-39.249966
-17.203577
-6.005421
-33.249966
-17.203577
-2.005421
-31.749966
-17.203577
-3.505421
-11.249966
-17.203577
-22.505421
-11.249966
-17.203577
-30.005421
-18.249966
-17.203577
-30.005421
-32.249966
-17.203577
-30.005421
-39.249966
-17.203577
-30.005421
-39.249966
-17.203577
-22.005421
-39.249966
-17.203577
-14.005421
-39.249966
-17.203577
-6.005421
-31.749966
-17.203577
-3.505421
-22.749966
-17.203577
-3.505421
-11.249966
-17.203577
-22.505421
-18.249966
-17.203577
-30.005421
-25.249966
-17.203577
-30.005421
-25.249966
-17.203577
-30.005421
-32.249966
-17.203577
-30.005421
-39.249966
-17.203577
-22.005421
-39.249966
-17.203577
-14.005421
-22.749966
-17.203577
-3.505421
-13.749966
-17.203577
-3.505421
-11.249966
-17.203577
-22.505421
4.750034
-9.703577
-30.005421
4.750034
-9.703577
-25.505421
9.750034
-9.703577
-25.505421
9.750034
-9.703577
-30.005421
9.750034
-9.703577
-25.505421
15.250034
-9.703577
-25.505421
15.250034
-9.703577
-30.005421
9.750034
-9.703577
-30.005421
37.750034
-17.203577
-24.005421
37.750034
-17.203577
-30.005421
31.250034
-17.203577
-30.005421
31.250034
-17.203577
-30.005421
24.750034
-17.203577
-30.005421
24.750034
-17.203577
-24.005421
24.750034
-17.203577
-24.005421
24.750034
-17.203577
-17.505421
31.250034
-17.203577
-17.505421
31.250034
-17.203577
-17.505421
37.750034
-17.203577
-17.505421
37.750034
-17.203577
-24.005421
31.250034
-17.203577
-17.505421
37.750034
-17.203577
-24.005421
31.250034
-17.203577
-30.005421
24.750034
-17.203577
-24.005421
37.750034
-13.203577
-24.005421
37.750034
-13.203577
-30.005421
31.250034
-13.203577
-30.005421
31.250034
-13.203577
-30.005421
24.750034
-13.203577
-30.005421
24.750034
-13.203577
-24.005421
24.750034
-13.203577
-24.005421
24.750034
-13.203577
-17.505421
31.250034
-13.203577
-17.505421
31.250034
-13.203577
-17.505421
37.750034
-13.203577
-17.505421
37.750034
-13.203577
-24.005421
31.250034
-13.203577
-17.505421
37.750034
-13.203577
-24.005421
31.250034
-13.203577
-30.005421
24.750034
-13.203577
-24.005421
31.250034
-23.203577
-30.005421
25.250034
-23.203577
-30.005421
25.750034
-23.203577
-25.005421
25.750034
-23.203577
-25.005421
25.750034
-23.203577
-19.505421
31.750034
-23.203577
-19.505421
31.750034
-23.203577
-19.505421
37.750034
-23.203577
-19.505421
37.750034
-23.203577
-25.005421
37.750034
-23.203577
-25.005421
37.750034
-23.203577
-30.005421
31.250034
-23.203577
-30.005421
31.750034
-23.203577
-19.505421
37.750034
-23.203577
-25.005421
31.250034
-23.203577
-30.005421
25.750034
-23.203577
-25.005421
-6.749966
-17.203577
-29.005421
-6.749966
-17.203577
-26.005421
0.250034
-17.203577
-26.005421
0.250034
-17.203577
-29.005421
-6.749966
-8.203577
-29.005421
-6.749966
-8.203577
-25.005421
0.250034
-8.203577
-25.005421
0.250034
-8.203577
-29.005421
20.250034
-17.203577
-20.005421
20.250034
-17.203577
-25.005421
19.750034
-17.203577
-21.005421
20.250034
-17.203577
-20.005421
19.750034
-17.203577
-21.005421
18.250034
-17.203577
-19.505421
20.250034
-17.203577
-14.505421
-11.749966
-17.203577
-1.505421
1.250034
-17.203577
9.994579
16.750034
-17.203577
-2.505421
2.250034
-17.203577
-19.505421
2.250034
-17.203577
-19.505421
1.750034
-17.203577
-20.505421
-3.749966
-17.203577
-20.505421
-6.249966
-17.203577
15.494579
-0.249966
-17.203577
15.494579
-0.249966
-17.203577
11.494579
-6.249966
-17.203577
15.494579
-0.249966
-17.203577
11.494579
1.250034
-17.203577
9.994579
18.250034
-17.203577
-4.005421
22.250034
-17.203577
-4.005421
22.250034
-17.203577
-13.005421
8.750034
-17.203577
9.494579
16.750034
-17.203577
9.994579
16.750034
-17.203577
3.494579
-11.749966
-17.203577
6.994579
-11.749966
-17.203577
15.494579
-6.249966
-17.203577
15.494579
18.250034
-17.203577
-4.005421
22.250034
-17.203577
-13.005421
20.250034
-17.203577
-14.505421
16.750034
-17.203577
-2.505421
20.250034
-17.203577
-14.505421
18.250034
-17.203577
-19.505421
10.250034
-17.203577
-19.505421
2.250034
-17.203577
-19.505421
-3.749966
-17.203577
-20.505421
-9.249966
-17.203577
-20.505421
-11.749966
-17.203577
-1.505421
16.750034
-17.203577
-2.505421
20.250034
-17.203577
-14.505421
10.250034
-17.203577
-19.505421
2.250034
-17.203577
-19.505421
-11.749966
-17.203577
6.994579
-6.249966
-17.203577
15.494579
1.250034
-17.203577
9.994579
-11.749966
-17.203577
-1.505421
8.750034
-17.203577
9.494579
16.750034
-17.203577
3.494579
16.750034
-17.203577
-2.505421
1.250034
-17.203577
9.994579
-13.749966
-17.203577
-3.505421
-11.749966
-17.203577
-1.505421
-9.249966
-17.203577
-20.505421
-11.249966
-17.203577
-22.505421
-29.249966
-23.203577
-21.505421
-29.249966
-23.203577
-19.505421
-24.249966
-23.203577
-19.505421
-24.249966
-23.203577
-21.505421
-24.249966
-23.203577
-19.505421
-18.749966
-23.203577
-19.505421
-18.749966
-23.203577
-21.505421
-24.249966
-23.203577
-21.505421
-37.749966
-23.203577
-18.005421
-37.749966
-23.203577
-20.505421
-39.249966
-23.203577
-20.505421
-37.749966
-23.203577
-18.005421
-39.249966
-23.203577
-20.505421
-39.249966
-23.203577
-11.505421
-38.249966
-23.203577
-9.505421
-38.249966
-23.203577
-1.005421
-39.249966
-23.203577
-2.005421
-39.249966
-23.203577
6.994579
-38.249966
-23.203577
7.494579
-38.249966
-23.203577
-9.505421
-39.249966
-23.203577
-11.505421
-39.249966
-23.203577
-2.005421
-38.249966
-23.203577
-1.005421
-39.249966
-23.203577
16.494579
-38.249966
-23.203577
16.494579
-38.249966
-23.203577
7.494579
-39.249966
-23.203577
6.994579
15.750034
-10.703577
-12.505421
15.750034
-10.703577
-19.505421
10.250034
-10.703577
-19.505421
4.750034
-10.703577
-12.505421
10.250034
-10.703577
-19.505421
4.750034
-10.703577
-19.505421
4.750034
-10.703577
-12.505421
4.750034
-10.703577
2.494579
4.750034
-10.703577
9.994579
10.250034
-10.703577
9.994579
15.750034
-10.703577
2.494579
10.250034
-10.703577
9.994579
15.750034
-10.703577
9.994579
15.750034
-10.703577
2.494579
15.750034
-10.703577
-5.005421
15.750034
-10.703577
-12.505421
4.750034
-10.703577
-12.505421
4.750034
-10.703577
-5.005421
4.750034
-10.703577
-5.005421
4.750034
-10.703577
2.494579
15.750034
-10.703577
2.494579
15.750034
-10.703577
-5.005421
35.250034
-17.203577
-2.505421
35.250034
-17.203577
0.994579
39.750034
-17.203577
-0.005421
35.250034
-17.203577
-2.505421
39.750034
-17.203577
-0.005421
39.750034
-17.203577
-6.505421
33.750034
-17.203577
-4.005421
30.750034
-17.203577
-13.005421
27.750034
-17.203577
-4.005421
33.750034
-17.203577
-4.005421
22.250034
-17.203577
-13.005421
22.250034
-17.203577
-4.005421
27.750034
-17.203577
-4.005421
30.750034
-17.203577
-13.005421
33.750034
-17.203577
-4.005421
39.750034
-17.203577
-6.505421
39.750034
-17.203577
-13.005421
30.750034
-17.203577
-13.005421
35.250034
-22.203577
-2.505421
35.250034
-22.203577
0.994579
39.750034
-22.203577
-0.005421
35.250034
-22.203577
-2.505421
39.750034
-22.203577
-0.005421
39.750034
-22.203577
-6.505421
33.750034
-22.203577
-4.005421
32.750034
-22.203577
-13.005421
25.750034
-22.203577
-13.005421
25.750034
-22.203577
-4.005421
33.750034
-22.203577
-4.005421
39.750034
-22.203577
-6.505421
39.750034
-22.203577
-13.005421
32.750034
-22.203577
-13.005421
33.750034
-22.203577
-4.005421
35.250034
-22.203577
14.994579
33.750034
-22.203577
16.494579
39.750034
-22.203577
16.494579
35.250034
-22.203577
14.994579
39.750034
-22.203577
16.494579
39.750034
-22.203577
7.994579
35.250034
-22.203577
7.994579
39.750034
-22.203577
7.994579
39.750034
-22.203577
-0.005421
35.250034
-22.203577
0.994579
35.250034
-22.203577
7.994579
39.750034
-17.203577
7.494579
39.750034
-17.203577
-0.005421
35.250034
-17.203577
0.994579
35.250034
-17.203577
8.494579
35.250034
-17.203577
8.494579
34.750034
-17.203577
15.494579
39.750034
-17.203577
15.494579
39.750034
-17.203577
7.494579
30.750034
-17.203577
5.994579
30.750034
-17.203577
0.494579
21.250034
-17.203577
0.494579
21.250034
-17.203577
5.994579
21.250034
-17.203577
5.994579
21.250034
-17.203577
11.994579
30.750034
-17.203577
11.994579
30.750034
-17.203577
5.994579
30.750034
-12.203577
5.994579
30.750034
-12.203577
0.494579
21.250034
-12.203577
0.494579
21.250034
-12.203577
5.994579
21.250034
-12.203577
5.994579
21.250034
-12.203577
11.994579
30.750034
-12.203577
11.994579
30.750034
-12.203577
5.994579
30.750034
-22.203577
0.494579
25.750034
-22.203577
0.494579
27.250034
-22.203577
1.994579
25.750034
-22.203577
10.994579
21.250034
-22.203577
10.994579
21.250034
-22.203577
11.994579
30.750034
-22.203577
11.994579
30.750034
-22.203577
5.994579
30.750034
-22.203577
0.494579
27.250034
-22.203577
1.994579
27.250034
-22.203577
9.494579
27.250034
-22.203577
9.494579
25.750034
-22.203577
10.994579
30.750034
-22.203577
11.994579
27.250034
-22.203577
9.494579
30.750034
-22.203577
11.994579
30.750034
-22.203577
5.994579
-28.749966
-17.203577
6.994579
-28.749966
-17.203577
12.994579
-22.749966
-17.203577
12.994579
-22.749966
-17.203577
0.994579
-28.749966
-17.203577
0.994579
-28.749966
-17.203577
6.994579
-22.749966
-17.203577
12.994579
-16.249966
-17.203577
12.994579
-16.249966
-17.203577
6.994579
-16.249966
-17.203577
6.994579
-16.249966
-17.203577
0.994579
-22.749966
-17.203577
0.994579
-22.749966
-17.203577
12.994579
-16.249966
-17.203577
6.994579
-22.749966
-17.203577
0.994579
-28.749966
-17.203577
6.994579
-28.749966
-13.203577
6.994579
-28.749966
-13.203577
12.994579
-22.749966
-13.203577
12.994579
-22.749966
-13.203577
0.994579
-28.749966
-13.203577
0.994579
-28.749966
-13.203577
6.994579
-22.749966
-13.203577
12.994579
-16.249966
-13.203577
12.994579
-16.249966
-13.203577
6.994579
-16.249966
-13.203577
6.994579
-16.249966
-13.203577
0.994579
-22.749966
-13.203577
0.994579
-22.749966
-13.203577
12.994579
-16.249966
-13.203577
6.994579
-22.749966
-13.203577
0.994579
-28.749966
-13.203577
6.994579
-33.249966
-17.203577
1.994579
-39.249966
-17.203577
1.994579
-39.249966
-17.203577
8.494579
-33.249966
-17.203577
8.494579
-39.249966
-17.203577
8.494579
-39.249966
-17.203577
15.494579
-33.249966
-17.203577
15.494579
-33.249966
-17.203577
8.494579
-33.749966
-22.203577
10.494579
-33.749966
-22.203577
16.494579
-32.749966
-22.203577
16.494579
-28.749966
-22.203577
10.494579
-28.749966
-22.203577
12.994579
-22.749966
-22.203577
12.994579
-22.749966
-22.203577
10.494579
-22.749966
-22.203577
12.994579
-16.249966
-22.203577
12.994579
-16.249966
-22.203577
10.494579
-22.749966
-22.203577
10.494579
-3.249966
-22.203577
16.494579
-3.249966
-22.203577
10.494579
-11.749966
-22.203577
10.494579
-12.249966
-22.203577
15.994579
-10.249966
-2.703577
15.494579
-10.249966
-2.703577
12.994579
-15.749966
-2.703577
12.994579
-15.749966
-2.703577
15.994579
-21.249966
-2.703577
12.994579
-21.249966
-2.703577
15.994579
-15.749966
-2.703577
15.994579
-15.749966
-2.703577
12.994579
5.250034
-9.703577
14.494579
5.250034
-9.703577
15.994579
11.250034
-9.703577
15.994579
11.250034
-9.703577
14.494579
9.750034
-22.203577
15.494579
9.750034
-22.203577
16.494579
13.750034
-22.203577
16.494579
13.750034
-22.203577
15.494579
4.750034
-10.703577
20.994579
4.750034
-10.703577
24.994579
10.250034
-10.703577
24.994579
10.250034
-10.703577
20.994579
15.750034
-10.703577
20.994579
10.250034
-10.703577
20.994579
10.250034
-10.703577
24.994579
15.750034
-10.703577
24.994579
0
4
0
2
4
4
2
2
8
3
4
1
11
3
5
1
14
4
6
2
18
4
8
2
22
4
10
2
26
4
12
2
30
4
14
2
34
4
16
2
38
4
18
2
42
4
20
2
46
4
22
2
50
4
24
2
54
4
26
2
58
4
28
2
62
4
30
2
66
4
32
2
70
4
34
2
74
4
36
2
78
3
38
1
81
3
39
1
84
3
40
1
87
3
41
1
90
3
42
1
93
3
43
1
96
3
44
1
99
3
45
1
102
3
46
1
105
3
47
1
108
3
48
1
111
3
49
1
114
4
50
2
118
4
52
2
122
4
54
2
126
4
56
2
130
3
58
1
133
3
59
1
136
4
60
2
140
3
62
1
143
3
63
1
146
3
64
1
149
3
65
1
152
3
66
1
155
3
67
1
158
3
68
1
161
3
69
1
164
3
70
1
167
3
71
1
170
3
72
1
173
3
73
1
176
3
74
1
179
3
75
1
182
3
76
1
185
3
77
1
188
3
78
1
191
3
79
1
194
4
80
2
198
4
82
2
202
4
84
2
206
4
86
2
210
3
88
1
213
3
89
1
216
4
90
2
220
3
92
1
223
3
93
1
226
3
94
1
229
3
95
1
232
3
96
1
235
3
97
1
238
3
98
1
241
3
99
1
244
3
100
1
247
3
101
1
250
3
102
1
253
3
103
1
256
3
104
1
259
3
105
1
262
3
106
1
265
3
107
1
268
3
108
1
271
3
109
1
274
4
110
2
278
4
112
2
282
4
114
2
286
4
116
2
290
3
118
1
293
3
119
1
296
4
120
2
300
3
122
1
303
3
123
1
306
3
124
1
309
3
125
1
312
3
126
1
315
3
127
1
318
4
128
2
322
4
130
2
326
4
132
2
330
3
134
1
333
3
135
1
336
3
136
1
339
4
137
2
343
3
139
1
346
4
140
2
350
3
142
1
353
4
143
2
357
4
145
2
361
3
147
1
364
3
148
1
367
3
149
1
370
3
150
1
373
4
151
2
377
3
153
1
380
3
154
1
383
3
155
1
386
3
156
1
389
4
157
2
393
3
159
1
396
3
160
1
399
3
161
1
402
3
162
1
405
4
163
2
409
4
165
2
413
4
167
2
417
3
169
1
420
4
170
2
424
4
172
2
428
3
174
1
431
3
175
1
434
3
176
1
437
3
177
1
440
3
178
1
443
3
179
1
446
4
180
2
450
3
182
1
453
4
183
2
457
4
185
2
461
4
187
2
465
4
189
2
469
4
191
2
473
4
193
2
477
4
195
2
481
3
197
1
484
4
198
2
488
4
200
2
492
4
202
2
496
4
204
2
500
4
206
2
504
3
208
1
507
4
209
2
511
3
211
1
514
4
212
2
518
4
214
2
522
3
216
1
525
4
217
2
529
3
219
1
532
4
220
2
536
4
222
2
540
3
224
1
543
4
225
2
547
4
227
2
551
4
229
2
555
3
231
1
558
4
232
2
562
4
234
2
566
4
236
2
570
4
238
2
574
4
240
2
578
4
242
2
582
4
244
2
586
4
246
2
590
3
248
1
593
4
249
2
597
4
251
2
601
3
253
1
604
3
254
1
607
3
255
1
610
3
256
1
613
3
257
1
616
3
258
1
619
4
259
2
623
3
261
1
626
3
262
1
629
3
263
1
632
3
264
1
635
4
265
2
639
4
267
2
643
4
269
2
647
3
271
1
650
4
272
2
654
4
274
2
658
4
276
2
662
4
278
2
666
4
280
2
670
4
282
2
674
4
284
2
678
4
286
2
682
4
288
2
350
198
290
4
0.500000
0.500000
0
1.000000
-59.249966
-24.703577
-41.505421
48.663074
27.702692
27.495213
128
27
5
128
27
13
139
27
13
150
27
13
150
27
5
139
27
5
5
2
20
5
2
32
5
2
44
5
2
56
5
2
69
5
2
81
5
2
94
5
2
106
5
2
119
17
2
119
30
2
119
30
2
106
30
2
94
30
2
81
30
2
69
30
2
56
30
2
44
30
2
32
30
2
20
17
2
20
208
2
20
208
2
32
208
2
44
208
2
56
208
2
69
208
2
81
208
2
94
208
2
106
208
2
119
211
2
119
211
2
106
211
2
94
211
2
81
211
2
69
211
2
56
211
2
44
211
2
32
211
2
20
39
57
22
39
57
33
39
57
45
39
57
57
39
57
69
39
57
80
39
57
92
39
57
104
39
57
116
58
57
116
78
57
116
98
57
116
118
57
116
138
57
116
158
57
116
178
57
116
198
57
116
198
57
104
198
57
92
198
57
80
198
57
69
198
57
57
198
57
45
198
57
33
198
57
22
178
57
22
158
57
22
138
57
22
118
57
22
98
57
22
78
57
22
58
57
22
39
74
22
39
74
33
39
74
45
39
74
57
39
74
69
39
74
80
39
74
92
39
74
104
39
74
116
58
74
116
78
74
116
98
74
116
118
74
116
138
74
116
158
74
116
178
74
116
198
74
116
198
74
104
198
74
92
198
74
80
198
74
69
198
74
57
198
74
45
198
74
33
198
74
22
178
74
22
158
74
22
138
74
22
118
74
22
98
74
22
78
74
22
58
74
22
39
99
22
39
99
33
39
99
45
39
99
57
39
99
69
39
99
80
39
99
92
39
99
104
39
99
116
58
99
116
78
99
116
98
99
116
118
99
116
138
99
116
158
99
116
178
99
116
198
99
116
198
99
104
198
99
92
198
99
80
198
99
69
198
99
57
198
99
45
198
99
33
198
99
22
178
99
22
158
99
22
138
99
22
118
99
22
98
99
22
78
99
22
58
99
22
40
2
23
40
2
26
43
2
26
44
2
24
40
14
87
52
14
87
52
14
79
55
14
76
73
14
76
91
14
76
96
14
38
96
14
23
82
14
23
68
14
23
54
14
23
40
14
23
40
14
39
40
14
55
40
14
71
128
29
23
128
29
32
138
29
32
149
29
32
149
29
23
138
29
23
168
14
23
168
14
35
168
14
48
181
14
48
194
14
48
194
14
35
194
14
23
181
14
23
168
22
23
168
22
35
168
22
48
181
22
48
194
22
48
194
22
35
194
22
23
181
22
23
169
2
23
170
2
33
170
2
44
182
2
44
194
2
44
194
2
33
194
2
23
181
2
23
105
14
25
105
14
31
119
14
31
119
14
25
105
32
25
105
32
33
119
32
33
119
32
25
100
14
42
95
14
80
95
14
97
95
14
114
106
14
114
118
14
114
118
14
106
121
14
103
136
14
102
152
14
103
152
14
90
152
14
78
155
14
75
163
14
75
163
14
57
159
14
54
159
14
43
159
14
33
158
14
41
155
14
44
139
14
44
123
14
44
122
14
42
111
14
42
60
2
40
60
2
44
70
2
44
81
2
44
81
2
40
70
2
40
40
2
42
40
2
60
40
2
79
40
2
97
40
2
116
42
2
116
42
2
98
42
2
81
42
2
64
43
2
47
43
2
42
128
27
44
128
27
58
128
27
73
128
27
88
128
27
103
139
27
103
150
27
103
150
27
88
150
27
73
150
27
58
150
27
44
139
27
44
174
14
75
186
14
75
189
14
78
189
14
85
198
14
83
198
14
70
198
14
57
180
14
57
189
4
85
198
4
83
198
4
70
198
4
57
184
4
57
170
4
57
170
4
75
186
4
75
189
4
78
189
4
99
189
4
113
186
4
116
198
4
116
198
4
99
189
14
100
188
14
114
198
14
114
198
14
98
161
14
84
161
14
95
161
14
107
180
14
107
180
14
95
180
14
84
161
24
84
161
24
95
161
24
107
180
24
107
180
24
95
180
24
84
161
4
105
161
4
107
180
4
107
180
4
95
180
4
84
170
4
84
173
4
87
173
4
102
170
4
105
61
14
85
61
14
97
61
14
109
73
14
109
86
14
109
86
14
97
86
14
85
73
14
85
61
22
85
61
22
97
61
22
109
73
22
109
86
22
109
86
22
97
86
22
85
73
22
85
40
14
100
40
14
114
52
14
114
52
14
100
51
4
104
51
4
116
53
4
116
61
4
104
61
4
109
73
4
109
86
4
109
86
4
104
73
4
104
94
4
115
112
4
116
112
4
104
95
4
104
76
43
109
76
43
115
87
43
115
98
43
114
98
43
109
87
43
109
129
29
112
129
29
115
141
29
115
141
29
112
138
4
114
138
4
116
146
4
116
146
4
114
128
27
125
128
27
133
139
27
133
150
27
133
150
27
125
139
27
125
0
1
2
5
65535
65535
1
65535
4
5
2
3
65535
0
65535
65535
25
6
7
65535
65535
65535
4
65535
13
14
15
65535
65535
65535
5
65535
23
24
25
7
65535
65535
2
10
15
16
17
13
65535
65535
8
3
11
12
18
19
65535
8
65535
9
21
22
8
9
65535
10
65535
11
12
13
17
18
65535
5
65535
6
19
20
10
11
65535
11
65535
6
22
23
7
8
65535
4
65535
7
20
21
9
10
65535
7
65535
9
42
43
26
27
65535
65535
65535
14
30
31
38
39
65535
15
65535
19
41
42
27
28
65535
12
65535
16
31
32
37
38
65535
17
65535
13
40
41
28
29
65535
14
65535
19
36
37
32
33
65535
15
65535
18
33
34
35
36
65535
65535
65535
17
39
40
29
30
65535
16
65535
13
75
44
45
65535
65535
65535
24
65535
51
52
53
65535
65535
65535
26
65535
67
68
69
65535
65535
65535
25
65535
59
60
61
65535
65535
65535
27
65535
75
45
46
65535
20
65535
28
65535
66
67
69
65535
65535
22
29
65535
50
51
53
65535
65535
21
30
65535
59
61
62
65535
23
65535
31
65535
75
46
47
65535
24
65535
33
65535
65
66
69
65535
65535
25
35
65535
49
50
53
65535
65535
26
32
65535
59
62
63
65535
27
65535
34
65535
48
49
53
54
65535
30
65535
40
75
47
48
74
28
65535
41
65535
59
63
64
58
31
65535
42
65535
64
65
69
70
65535
29
65535
43
56
57
64
65535
65535
42
38
65535
72
73
48
65535
65535
41
38
65535
56
64
72
48
36
39
37
44
64
71
72
65535
43
65535
38
65535
48
54
55
65535
32
65535
44
65535
73
74
48
65535
65535
33
37
65535
57
58
64
65535
65535
34
36
65535
64
70
71
65535
35
65535
39
65535
48
55
56
65535
40
65535
38
65535
107
76
77
65535
65535
65535
49
65535
83
84
85
65535
65535
65535
51
65535
99
100
101
65535
65535
65535
50
65535
91
92
93
65535
65535
65535
52
65535
107
77
78
65535
45
65535
53
65535
98
99
101
65535
65535
47
54
65535
82
83
85
65535
65535
46
55
65535
91
93
94
65535
48
65535
56
65535
107
78
79
65535
49
65535
58
65535
97
98
101
65535
65535
50
60
65535
81
82
85
65535
65535
51
57
65535
91
94
95
65535
52
65535
59
65535
80
81
85
86
65535
55
65535
65
107
79
80
106
53
65535
66
65535
91
95
96
90
56
65535
67
65535
96
97
101
102
65535
54
65535
68
88
89
96
65535
65535
67
63
65535
104
105
80
65535
65535
66
63
65535
88
96
104
80
61
64
62
69
96
103
104
65535
68
65535
63
65535
80
86
87
65535
57
65535
69
65535
105
106
80
65535
65535
58
62
65535
89
90
96
65535
65535
59
61
65535
96
102
103
65535
60
65535
64
65535
80
87
88
65535
65
65535
63
65535
139
108
109
65535
65535
65535
74
65535
115
116
117
65535
65535
65535
76
65535
131
132
133
65535
65535
65535
75
65535
123
124
125
65535
65535
65535
77
65535
139
109
110
65535
70
65535
78
65535
130
131
133
65535
65535
72
79
65535
114
115
117
65535
65535
71
80
65535
123
125
126
65535
73
65535
81
65535
139
110
111
65535
74
65535
83
65535
129
130
133
65535
65535
75
85
65535
113
114
117
65535
65535
76
82
65535
123
126
127
65535
77
65535
84
65535
112
113
117
118
65535
80
65535
90
139
111
112
138
78
65535
91
65535
123
127
128
122
81
65535
92
65535
128
129
133
134
65535
79
65535
93
120
121
128
65535
65535
92
88
65535
136
137
112
65535
65535
91
88
65535
120
128
136
112
86
89
87
94
128
135
136
65535
93
65535
88
65535
112
118
119
65535
82
65535
94
65535
137
138
112
65535
65535
83
87
65535
121
122
128
65535
65535
84
86
65535
128
134
135
65535
85
65535
89
65535
112
119
120
65535
90
65535
88
65535
140
141
142
143
65535
65535
65535
65535
144
145
146
158
186
65535
98
65535
148
150
153
157
104
102
103
101
158
146
147
65535
96
65535
101
65535
150
151
152
65535
65535
65535
102
65535
154
155
156
65535
65535
65535
103
65535
157
158
147
148
65535
98
65535
97
150
152
153
65535
99
65535
97
65535
153
154
156
157
65535
100
65535
97
148
149
150
65535
65535
139
97
65535
159
160
161
164
65535
65535
106
65535
161
162
163
164
65535
65535
65535
105
170
171
172
65535
65535
65535
111
65535
172
165
166
65535
65535
65535
111
65535
166
167
168
65535
65535
65535
111
65535
168
169
170
65535
65535
65535
111
65535
168
170
172
166
110
107
108
109
178
179
180
65535
65535
65535
116
65535
180
173
174
65535
65535
65535
116
65535
174
175
176
65535
65535
65535
116
65535
176
177
178
65535
65535
65535
116
65535
176
178
180
174
115
112
113
114
188
181
182
65535
65535
65535
121
65535
182
183
184
65535
65535
65535
121
65535
184
185
186
65535
65535
65535
121
65535
186
187
188
65535
65535
65535
121
65535
184
186
188
182
119
120
117
118
189
190
191
192
65535
65535
65535
65535
193
194
195
196
65535
65535
65535
65535
213
214
215
65535
65535
65535
125
65535
213
215
216
212
124
65535
134
65535
198
204
208
218
137
138
136
135
218
219
220
65535
65535
65535
135
65535
201
202
203
65535
65535
65535
129
65535
201
203
204
65535
128
65535
137
65535
209
210
211
65535
65535
156
133
65535
205
206
207
65535
65535
65535
138
65535
199
200
201
65535
65535
65535
137
65535
209
211
212
208
130
65535
136
65535
212
216
217
65535
125
65535
136
65535
218
220
197
198
127
65535
139
126
208
212
217
218
133
134
65535
126
199
201
204
198
132
129
126
65535
205
207
208
204
131
65535
126
65535
149
198
197
150
65535
135
65535
104
221
222
223
226
65535
65535
141
65535
223
224
225
226
65535
65535
65535
140
236
237
227
65535
65535
65535
143
65535
236
227
228
235
142
65535
145
65535
234
229
230
233
145
65535
146
65535
235
228
229
234
143
65535
144
65535
231
232
233
230
65535
65535
144
65535
247
248
249
239
65535
65535
148
151
249
238
239
65535
65535
65535
147
65535
241
242
243
245
65535
65535
150
152
243
244
245
65535
65535
65535
149
65535
246
247
239
240
65535
147
65535
152
240
241
245
246
65535
149
65535
151
252
253
254
65535
65535
165
154
65535
252
254
255
251
153
65535
157
65535
257
250
251
65535
156
65535
157
65535
211
210
250
257
130
65535
155
65535
251
255
256
257
154
65535
65535
155
266
258
259
65535
65535
164
159
65535
266
259
260
265
158
65535
161
65535
262
263
264
265
65535
65535
65535
161
260
261
262
265
65535
65535
160
159
268
269
270
65535
65535
65535
163
65535
268
270
271
267
162
65535
164
65535
271
259
258
267
65535
158
65535
163
275
254
253
272
65535
153
65535
166
272
273
274
275
65535
65535
65535
165
280
281
276
277
65535
65535
65535
168
277
278
279
280
65535
65535
65535
167
286
287
282
283
65535
65535
65535
170
283
284
285
286
65535
65535
65535
169
292
293
294
65535
65535
65535
173
65535
296
288
289
290
65535
65535
65535
174
291
292
294
295
65535
171
65535
175
295
296
290
65535
65535
172
175
65535
295
290
291
65535
174
65535
173
65535
298
299
300
65535
65535
65535
180
65535
304
297
298
65535
65535
65535
180
65535
300
301
302
65535
65535
65535
180
65535
302
303
304
65535
65535
65535
180
65535
300
302
304
298
178
179
177
176
306
307
308
65535
65535
65535
185
65535
312
305
306
65535
65535
65535
185
65535
308
309
310
65535
65535
65535
185
65535
310
311
312
65535
65535
65535
185
65535
308
310
312
306
183
184
182
181
145
144
313
316
96
65535
187
65535
313
314
315
316
65535
65535
65535
186
317
318
319
65535
65535
65535
65535
65535
320
321
322
325
65535
65535
190
65535
322
323
324
325
65535
65535
65535
189
327
328
329
326
65535
65535
65535
65535
333
334
335
332
65535
65535
193
65535
330
331
332
335
65535
65535
192
65535
336
337
338
339
65535
65535
65535
65535
340
341
342
343
65535
65535
65535
65535
344
345
346
349
65535
65535
197
65535
348
349
346
347
65535
196
65535
65535
65535
65535
65535
65535
65535
65535
65535
65535
65535
65535
65535
65535
65535
65535
65535
65535
65535
65535
65535
65535
65535
65535
65535
65535
65535
65535
65535
65535
65535
65535
65535
65535
65535
65535
65535
65535
65535
65535
65535
65535
65535
65535
65535
65535
65535
65535
65535
65535
65535
65535
65535
65535
65535
65535
65535
65535
65535
65535
65535
65535
65535
65535
65535
65535
65535
65535
65535
65535
65535
65535
65535
65535
65535
65535
65535
65535
65535
65535
65535
65535
65535
65535
65535
65535
65535
65535
65535
65535
65535
65535
65535
65535
65535
65535
65535
65535
65535
65535
65535
65535
65535
65535
65535
65535
65535
65535
65535
65535
65535
65535
65535
65535
65535
65535
65535
65535
65535
65535
65535
65535
65535
65535
65535
65535
65535
65535
65535
65535
65535
65535
65535
65535
65535
65535
65535
65535
65535
65535
65535
65535
65535
65535
65535
65535
65535
65535
65535
65535
65535
65535
65535
65535
65535
65535
65535
65535
65535
65535
65535
65535
65535
65535
65535
65535
65535
65535
65535
65535
65535
65535
65535
65535
65535
65535
65535
65535
65535
65535
65535
65535
65535
65535
65535
65535
65535
65535
65535
65535
65535
65535
65535
65535
65535
65535
65535
65535
65535
65535
65535
65535
65535
65535
65535
65535
65535
65535
65535
65535
65535
65535
65535
65535
65535
65535
65535
65535
65535
65535
65535
65535
65535
65535
65535
65535
65535
65535
65535
65535
65535
65535
65535
65535
65535
65535
65535
65535
65535
65535
65535
65535
65535
65535
65535
65535
65535
65535
65535
65535
65535
65535
65535
65535
65535
65535
65535
65535
65535
65535
65535
65535
65535
65535
65535
65535
65535
65535
65535
65535
65535
65535
65535
65535
65535
65535
65535
65535
65535
65535
65535
65535
65535
65535
65535
65535
65535
65535
65535
65535
65535
65535
65535
65535
65535
65535
65535
65535
65535
65535
65535
65535
65535
65535
65535
65535
65535
65535
65535
65535
65535
65535
65535
65535
65535
65535
65535
65535
65535
65535
65535
65535
65535
65535
65535
65535
65535
65535
65535
65535
65535
65535
65535
65535
65535
65535
65535
65535
65535
65535
65535
65535
65535
65535
65535
65535
65535
65535
65535
65535
65535
65535
65535
65535
65535
65535
65535
65535
65535
65535
65535
65535
65535
65535
65535
65535
65535
65535
65535
65535
65535
65535
65535
65535
65535
65535
65535
65535
65535
65535
65535
65535
65535
65535
65535
65535
65535
65535
65535
65535
65535
65535
65535
65535
65535
65535
65535
65535
65535
65535
65535
65535
65535
65535
65535
65535
65535
65535
65535
65535
65535
65535
65535
65535
65535
65535
65535
65535
65535
65535
65535
65535
65535
65535
65535
65535
65535
65535
65535
65535
65535
65535
65535
65535
65535
65535
65535
65535
65535
65535
65535
65535
65535
65535
65535
65535
65535
65535
65535
65535
65535
65535
65535
65535
65535
65535
65535
65535
65535
65535
65535
65535
65535
65535
65535
65535
65535
65535
65535
65535
65535
65535
65535
65535
65535
65535
65535
65535
65535
65535
65535
65535
65535
65535
65535
65535
65535
65535
65535
65535
65535
65535
65535
65535
65535
65535
65535
65535
65535
65535
65535
65535
65535
65535
65535
65535
65535
65535
65535
65535
65535
65535
65535
65535
65535
65535
65535
65535
65535
65535
65535
65535
65535
65535
65535
65535
65535
65535
65535
65535
65535
65535
65535
65535
65535
65535
65535
65535
65535
65535
65535
65535
65535
65535
65535
65535
65535
65535
65535
65535
65535
65535
65535
65535
65535
65535
65535
65535
65535
65535
65535
65535
65535
65535
65535
65535
65535
65535
65535
65535
65535
65535
65535
65535
65535
65535
65535
65535
65535
65535
65535
65535
65535
65535
65535
65535
65535
65535
65535
65535
65535
65535
65535
65535
65535
65535
65535
65535
65535
65535
65535
65535
65535
65535
65535
65535
65535
65535
65535
65535
65535
65535
65535
65535
65535
65535
65535
65535
65535
65535
65535
65535
65535
65535
65535
65535
65535
65535
65535
65535
65535
65535
65535
65535
65535
65535
65535
65535
65535
65535
65535
65535
65535
65535
65535
65535
65535
65535
65535
65535
65535
65535
65535
65535
65535
65535
65535
65535
65535
65535
65535
65535
65535
65535
65535
65535
65535
65535
65535
65535
65535
65535
65535
65535
65535
65535
65535
65535
65535
65535
65535
65535
65535
65535
65535
65535
65535
65535
65535
65535
65535
65535
65535
65535
65535
65535
65535
65535
65535
65535
65535
65535
65535
65535
65535
65535
65535
65535
65535
65535
65535
65535
65535
65535
65535
65535
65535
65535
65535
65535
65535
65535
65535
65535
65535
65535
65535
65535
65535
65535
65535
65535
65535
65535
65535
65535
65535
65535
23
1
63
23
1
63
7
1
63
7
1
63
7
1
63
7
1
63
7
1
63
7
1
63
7
1
63
7
1
63
7
1
63
7
1
63
27
1
63
27
1
63
27
1
63
27
1
63
27
1
63
27
1
63
27
1
63
27
1
63
1
1
63
1
1
63
1
1
63
1
1
63
1
1
63
1
1
63
1
1
63
1
1
63
1
1
63
1
1
63
1
1
63
1
1
63
1
1
63
1
1
63
1
1
63
1
1
63
1
1
63
1
1
63
1
1
63
1
1
63
1
1
63
1
1
63
1
1
63
1
1
63
1
1
63
2
1
63
2
1
63
2
1
63
2
1
63
2
1
63
2
1
63
2
1
63
2
1
63
2
1
63
2
1
63
2
1
63
2
1
63
2
1
63
2
1
63
2
1
63
2
1
63
2
1
63
2
1
63
2
1
63
2
1
63
2
1
63
2
1
63
2
1
63
2
1
63
2
1
63
3
1
63
3
1
63
3
1
63
3
1
63
3
1
63
3
1
63
3
1
63
3
1
63
3
1
63
3
1
63
3
1
63
3
1
63
3
1
63
3
1
63
3
1
63
3
1
63
3
1
63
3
1
63
3
1
63
3
1
63
3
1
63
3
1
63
3
1
63
3
1
63
3
1
63
28
1
63
5
1
63
5
1
63
5
1
63
5
1
63
5
1
63
5
1
63
5
1
63
5
1
63
5
1
63
20
1
63
20
1
63
8
1
63
8
1
63
8
1
63
8
1
63
8
1
63
9
1
63
9
1
63
9
1
63
9
1
63
9
1
63
12
1
63
12
1
63
12
1
63
12
1
63
12
1
63
29
1
63
24
1
63
4
1
63
4
1
63
4
1
63
4
1
63
4
1
63
4
1
63
4
1
63
4
1
63
4
1
63
4
1
63
4
1
63
4
1
63
4
1
63
4
1
63
4
1
63
6
1
63
30
1
63
30
1
63
31
1
63
31
1
63
31
1
63
31
1
63
31
1
63
13
1
63
13
1
63
13
1
63
13
1
63
13
1
63
13
1
63
15
1
63
15
1
63
15
1
63
15
1
63
15
1
63
14
1
63
14
1
63
14
1
63
14
1
63
21
1
63
21
1
63
21
1
63
22
1
63
22
1
63
16
1
63
16
1
63
17
1
63
17
1
63
25
1
63
25
1
63
25
1
63
25
1
63
25
1
63
10
1
63
10
1
63
10
1
63
10
1
63
10
1
63
11
1
63
11
1
63
11
1
63
11
1
63
11
1
63
18
1
63
18
1
63
38
1
63
32
1
63
32
1
63
19
1
63
33
1
63
33
1
63
34
1
63
39
1
63
26
1
63
26
1
63
0
65021
0
0
65021
0
0
56797
0
0
56797
0
0
56797
0
0
56797
0
0
35295
0
0
23536
0
0
42360
0
0
209
0
0
64256
0
0
4693
0
0
0
0
0
0
0
0
43840
0
0
57
0
0
0
0
0
0
0
0
56797
0
0
56797
0
0
56797
0
0
56797
0
0
56797
0
0
56797
0
0
56797
0
0
56797
0
0
56797
0
0
56797
0
0
56797
0
0
221
0
0
35804
0
0
21497
0
0
42342
0
0
4305
0
0
49024
0
0
1049
0
0
0
0
0
0
0
0
38080
0
0
4689
0
0
0
0
0
0
0
0
13
0
0
0
0
0
0
0
0
0
0
0
53440
0
0
61664
0
0
0
0
0
0
0
0
56797
0
0
56797
0
0
56797
0
0
56797
0
0
41001
0
0
27290
0
0
56736
0
0
35072
0
0
27
0
0
56797
0
0
56797
0
0
56797
0
0
56797
0
0
56797
0
0
56797
0
0
56797
0
0
56797
0
0
56797
0
0
56797
0
0
56797
0
0
56797
0
0
56797
0
0
56797
0
0
56797
0
0
56797
0
0
56797
0
0
56797
0
0
56797
0
0
56797
0
0
56797
0
0
56797
0
0
56797
0
0
56797
0
0
56797
0
0
56797
0
0
56797
0
0
56797
0
0
56797
0
0
56797
0
0
56797
0
0
56797
0
0
56797
0
