212
448
118
2
0
1
21
2
0
1
21
2
0
1
21
2
0
1
21
2
0
1
21
2
0
1
21
2
0
1
21
2
0
1
21
3
0
2
17
0
1
2
5
3
0
2
17
0
1
2
5
3
0
2
17
0
1
2
5
3
0
2
17
0
1
2
5
3
0
2
17
0
1
2
5
3
0
2
17
0
1
2
5
3
0
2
17
0
1
2
5
3
0
2
17
0
1
2
5
4
0
3
17
0
2
3
4
0
1
2
5
4
0
3
17
0
2
3
4
0
1
2
5
3
0
2
17
0
1
2
5
3
0
2
17
0
1
2
5
3
0
2
17
0
1
2
5
3
0
2
17
0
1
2
5
3
0
2
17
0
1
2
5
3
0
2
17
0
1
2
5
3
0
2
17
0
1
2
5
3
0
2
17
0
1
2
5
3
0
2
17
0
1
2
5
3
0
2
17
0
1
2
5
3
0
2
17
0
1
2
5
3
0
2
17
0
1
2
5
3
0
2
17
0
1
2
5
3
0
2
17
0
1
2
5
3
0
2
17
0
1
2
5
3
0
2
17
0
1
2
5
3
0
2
17
0
1
2
5
3
0
2
17
0
1
2
5
3
0
2
17
0
1
2
5
3
0
2
17
0
1
2
5
2
0
1
21
2
0
1
21
2
0
1
21
2
0
1
21
4
0
3
17
0
2
3
4
0
1
2
5
4
0
3
17
0
2
3
4
0
1
2
5
3
0
2
17
0
1
2
5
3
0
2
17
0
1
2
5
3
0
2
17
0
1
2
5
3
0
2
17
0
1
2
5
3
0
2
17
0
1
2
5
3
0
2
17
0
1
2
5
3
0
2
17
0
1
2
5
3
0
2
17
0
1
2
5
3
0
2
17
0
1
2
5
3
0
2
17
0
1
2
5
3
0
2
17
0
1
2
5
3
0
2
17
0
1
2
5
3
0
2
17
0
1
2
5
3
0
2
17
0
1
2
5
3
0
2
17
0
1
2
5
3
0
2
17
0
1
2
5
3
0
2
17
0
1
2
5
3
0
2
17
0
1
2
5
3
0
2
17
0
1
2
5
3
0
2
17
0
1
2
5
3
0
2
17
0
1
2
5
3
0
2
17
0
1
2
5
3
0
2
17
0
1
2
5
3
0
2
17
0
1
2
5
3
0
2
17
0
1
2
5
3
0
2
17
0
1
2
5
3
0
2
17
0
1
2
5
3
0
2
17
0
1
2
5
3
0
2
17
0
1
2
5
3
0
2
17
0
1
2
5
3
0
2
17
0
1
2
5
3
0
2
17
0
1
2
5
3
0
2
17
0
1
2
5
3
0
2
17
0
1
2
5
3
0
2
17
0
1
2
5
3
0
2
17
0
1
2
5
3
0
2
17
0
1
2
5
3
0
2
17
0
1
2
5
3
0
2
17
0
1
2
5
3
0
2
17
0
1
2
5
3
0
2
17
0
1
2
5
3
0
2
17
0
1
2
5
3
0
2
17
0
1
2
5
3
0
2
17
0
1
2
5
2
0
1
21
2
0
1
21
3
0
2
17
0
1
2
5
2
0
1
21
2
0
1
21
3
0
2
17
0
1
2
5
2
0
1
21
2
0
1
21
3
0
2
17
0
1
2
5
3
0
2
17
0
1
2
5
2
0
1
21
2
0
1
21
5
0
4
17
0
3
4
4
0
1
3
1
1
2
3
5
2
0
1
21
2
0
1
21
3
0
2
17
0
1
2
5
2
0
1
21
2
0
1
21
2
0
1
21
3
0
2
17
0
1
2
5
2
0
1
21
5
0
4
17
0
3
4
4
0
1
3
1
1
2
3
5
2
0
1
21
2
0
1
21
2
0
1
21
2
0
1
21
3
0
2
17
0
1
2
5
2
0
1
21
3
0
2
17
0
1
2
5
2
0
1
21
16.269400
13.419227
-18.748663
16.269400
13.419227
-25.548664
9.119400
13.419227
-25.548664
-5.180600
13.419227
-25.548664
-12.330600
13.419227
-25.548664
-12.330600
13.419227
-18.748663
-12.330600
13.419227
186.101334
-12.330600
13.419227
192.951340
-5.180600
13.419227
192.951340
9.119400
13.419227
192.951340
16.269400
13.419227
192.951340
16.269400
13.419227
186.101334
16.269400
13.419227
-11.898664
16.269400
13.419227
-18.748663
9.119400
13.419227
-25.548664
-5.180600
13.419227
-25.548664
-12.330600
13.419227
-18.748663
-12.330600
13.419227
-11.898664
-12.330600
13.419227
179.251343
-12.330600
13.419227
186.101334
-5.180600
13.419227
192.951340
9.119400
13.419227
192.951340
16.269400
13.419227
186.101334
16.269400
13.419227
179.251343
16.269400
13.419227
-11.898664
9.119400
13.419227
-25.548664
1.969400
13.419227
-25.548664
16.269400
13.419227
-5.098663
1.969400
13.419227
-25.548664
-5.180600
13.419227
-25.548664
-12.330600
13.419227
-11.898664
-12.330600
13.419227
-5.098663
-12.330600
13.419227
179.251343
-5.180600
13.419227
192.951340
1.969400
13.419227
192.951340
-12.330600
13.419227
172.401337
1.969400
13.419227
192.951340
9.119400
13.419227
192.951340
16.269400
13.419227
179.251343
16.269400
13.419227
172.401337
16.269400
13.419227
29.051338
16.269400
13.419227
22.201336
-12.330600
13.419227
22.201336
-12.330600
13.419227
29.051338
-12.330600
13.419227
97.351341
-12.330600
13.419227
104.151337
16.269400
13.419227
104.151337
16.269400
13.419227
97.351341
-12.330600
13.419227
70.001335
-12.330600
13.419227
76.851341
16.269400
13.419227
76.851341
16.269400
13.419227
70.001335
-12.330600
13.419227
90.501335
-12.330600
13.419227
97.351341
16.269400
13.419227
97.351341
16.269400
13.419227
90.501335
-12.330600
13.419227
172.401337
1.969400
13.419227
192.951340
16.269400
13.419227
172.401337
16.269400
13.419227
165.601334
-12.330600
13.419227
165.601334
16.269400
13.419227
-5.098663
1.969400
13.419227
-25.548664
-12.330600
13.419227
-5.098663
-12.330600
13.419227
1.751337
16.269400
13.419227
1.751337
-12.330600
13.419227
76.851341
-12.330600
13.419227
83.701340
16.269400
13.419227
83.701340
16.269400
13.419227
76.851341
16.269400
13.419227
49.501335
16.269400
13.419227
42.701340
-12.330600
13.419227
42.701340
-12.330600
13.419227
49.501335
-12.330600
13.419227
158.751343
-12.330600
13.419227
165.601334
16.269400
13.419227
165.601334
16.269400
13.419227
158.751343
-12.330600
13.419227
83.701340
-12.330600
13.419227
90.501335
16.269400
13.419227
90.501335
16.269400
13.419227
83.701340
-12.330600
13.419227
151.951340
-12.330600
13.419227
158.751343
16.269400
13.419227
158.751343
16.269400
13.419227
151.951340
16.269400
13.419227
42.701340
16.269400
13.419227
35.851337
-12.330600
13.419227
35.851337
-12.330600
13.419227
42.701340
-12.330600
13.419227
145.101334
-12.330600
13.419227
151.951340
16.269400
13.419227
151.951340
16.269400
13.419227
145.101334
16.269400
13.419227
8.551338
16.269400
13.419227
1.751337
-12.330600
13.419227
1.751337
-12.330600
13.419227
8.551338
-12.330600
13.419227
138.301346
-12.330600
13.419227
145.101334
16.269400
13.419227
145.101334
16.269400
13.419227
138.301346
16.269400
13.419227
63.151337
16.269400
13.419227
56.351341
-12.330600
13.419227
56.351341
-12.330600
13.419227
63.151337
-12.330600
13.419227
131.451340
-12.330600
13.419227
138.301346
16.269400
13.419227
138.301346
16.269400
13.419227
131.451340
-12.330600
13.419227
49.501335
-12.330600
13.419227
56.351341
16.269400
13.419227
56.351341
16.269400
13.419227
49.501335
-12.330600
13.419227
124.651337
-12.330600
13.419227
131.451340
16.269400
13.419227
131.451340
16.269400
13.419227
124.651337
-12.330600
13.419227
29.051338
-12.330600
13.419227
35.851337
16.269400
13.419227
35.851337
16.269400
13.419227
29.051338
-12.330600
13.419227
117.801346
-12.330600
13.419227
124.651337
16.269400
13.419227
124.651337
16.269400
13.419227
117.801346
16.269400
13.419227
15.401337
16.269400
13.419227
8.551338
-12.330600
13.419227
8.551338
-12.330600
13.419227
15.401337
-12.330600
13.419227
111.001343
-12.330600
13.419227
117.801346
16.269400
13.419227
117.801346
16.269400
13.419227
111.001343
-12.330600
13.419227
63.151337
-12.330600
13.419227
70.001335
16.269400
13.419227
70.001335
16.269400
13.419227
63.151337
-12.330600
13.419227
104.151337
-12.330600
13.419227
111.001343
16.269400
13.419227
111.001343
16.269400
13.419227
104.151337
16.269400
13.419227
22.201336
16.269400
13.419227
15.401337
-12.330600
13.419227
15.401337
-12.330600
13.419227
22.201336
-0.180600
9.119227
-25.398663
-8.380600
9.119227
-25.398663
-8.380600
9.119227
-17.498663
-8.380600
9.119227
93.801338
-8.380600
9.119227
101.751343
-0.180600
9.119227
101.751343
8.069401
9.119227
-17.498663
8.069401
9.119227
-25.398663
-0.180600
9.119227
-25.398663
-0.180600
9.119227
101.751343
8.069401
9.119227
101.751343
8.069401
9.119227
93.801338
-8.380600
9.119227
93.801338
-0.180600
9.119227
101.751343
8.069401
9.119227
93.801338
8.069401
9.119227
85.851341
-8.380600
9.119227
85.851341
8.069401
9.119227
-17.498663
-0.180600
9.119227
-25.398663
-8.380600
9.119227
-17.498663
-8.380600
9.119227
-9.548662
8.069401
9.119227
-9.548662
8.069401
9.119227
38.151337
8.069401
9.119227
30.201336
-8.380600
9.119227
30.201336
-8.380600
9.119227
38.151337
-8.380600
9.119227
38.151337
-8.380600
9.119227
46.101341
8.069401
9.119227
46.101341
8.069401
9.119227
38.151337
-8.380600
9.119227
77.901337
-8.380600
9.119227
85.851341
8.069401
9.119227
85.851341
8.069401
9.119227
77.901337
8.069401
9.119227
-1.598663
8.069401
9.119227
-9.548662
-8.380600
9.119227
-9.548662
-8.380600
9.119227
-1.598663
-8.380600
9.119227
69.951340
-8.380600
9.119227
77.901337
8.069401
9.119227
77.901337
8.069401
9.119227
69.951340
8.069401
9.119227
6.351337
8.069401
9.119227
-1.598663
-8.380600
9.119227
-1.598663
-8.380600
9.119227
6.351337
-8.380600
9.119227
62.001335
-8.380600
9.119227
69.951340
8.069401
9.119227
69.951340
8.069401
9.119227
62.001335
8.069401
9.119227
14.301338
8.069401
9.119227
6.351337
-8.380600
9.119227
6.351337
-8.380600
9.119227
14.301338
-8.380600
9.119227
54.051338
-8.380600
9.119227
62.001335
8.069401
9.119227
62.001335
8.069401
9.119227
54.051338
8.069401
9.119227
22.251339
8.069401
9.119227
14.301338
-8.380600
9.119227
14.301338
-8.380600
9.119227
22.251339
-8.380600
9.119227
46.101341
-8.380600
9.119227
54.051338
8.069401
9.119227
54.051338
8.069401
9.119227
46.101341
8.069401
9.119227
30.201336
8.069401
9.119227
22.251339
-8.380600
9.119227
22.251339
-8.380600
9.119227
30.201336
-10.430599
9.069226
-17.048664
-10.430599
9.069226
-24.998663
-12.330600
9.069226
-24.998663
-12.330600
9.069226
-17.048664
-10.430599
9.069226
70.551338
-10.430599
9.069226
62.551338
-12.330600
9.069226
62.551338
-12.330600
9.069226
70.551338
-10.430599
9.069226
-9.098663
-10.430599
9.069226
-17.048664
-12.330600
9.069226
-17.048664
-12.330600
9.069226
-9.098663
-12.330600
9.069226
54.601341
-12.330600
9.069226
62.551338
-10.430599
9.069226
62.551338
-10.430599
9.069226
54.601341
-10.430599
9.069226
-1.148663
-10.430599
9.069226
-9.098663
-12.330600
9.069226
-9.098663
-12.330600
9.069226
-1.148663
-12.330600
9.069226
46.651337
-12.330600
9.069226
54.601341
-10.430599
9.069226
54.601341
-10.430599
9.069226
46.651337
-12.330600
9.069226
102.451340
-10.430599
9.069226
102.451340
-10.430599
9.069226
94.451340
-12.330600
9.069226
94.451340
-12.330600
9.069226
78.501335
-12.330600
9.069226
86.501335
-10.430599
9.069226
86.501335
-10.430599
9.069226
78.501335
-12.330600
9.069226
86.501335
-12.330600
9.069226
94.451340
-10.430599
9.069226
94.451340
-10.430599
9.069226
86.501335
-12.330600
9.069226
38.701340
-12.330600
9.069226
46.651337
-10.430599
9.069226
46.651337
-10.430599
9.069226
38.701340
-10.430599
9.069226
6.851337
-10.430599
9.069226
-1.148663
-12.330600
9.069226
-1.148663
-12.330600
9.069226
6.851337
-12.330600
9.069226
70.551338
-12.330600
9.069226
78.501335
-10.430599
9.069226
78.501335
-10.430599
9.069226
70.551338
-10.430599
9.069226
14.801338
-10.430599
9.069226
6.851337
-12.330600
9.069226
6.851337
-12.330600
9.069226
14.801338
-10.430599
9.069226
38.701340
-10.430599
9.069226
30.701336
-12.330600
9.069226
30.701336
-12.330600
9.069226
38.701340
-10.430599
9.069226
22.751339
-10.430599
9.069226
14.801338
-12.330600
9.069226
14.801338
-12.330600
9.069226
22.751339
-12.330600
9.069226
22.751339
-12.330600
9.069226
30.701336
-10.430599
9.069226
30.701336
-10.430599
9.069226
22.751339
10.119400
9.069226
102.551346
16.269400
9.069226
102.601334
16.269400
9.069226
94.601341
10.119400
9.069226
94.551338
10.119400
9.069226
86.601341
16.269400
9.069226
86.651337
16.269400
9.069226
78.651337
10.119400
9.069226
78.601341
10.119400
9.069226
94.551338
16.269400
9.069226
94.601341
16.269400
9.069226
86.651337
10.119400
9.069226
86.601341
16.269400
9.069226
46.751335
10.119400
9.069226
46.701340
10.119400
9.069226
54.701340
16.269400
9.069226
54.751335
16.269400
9.069226
-17.048664
16.269400
9.069226
-24.998663
10.119400
9.069226
-24.998663
10.119400
9.069226
-17.048664
10.119400
9.069226
78.601341
16.269400
9.069226
78.651337
16.269400
9.069226
70.701340
10.119400
9.069226
70.651337
16.269400
9.069226
-17.048664
10.119400
9.069226
-17.048664
10.119400
9.069226
-9.098663
16.269400
9.069226
-9.048662
10.119400
9.069226
46.701340
16.269400
9.069226
46.751335
16.269400
9.069226
38.801338
10.119400
9.069226
38.751335
16.269400
9.069226
-9.048662
10.119400
9.069226
-9.098663
10.119400
9.069226
-1.148663
16.269400
9.069226
-1.098663
16.269400
9.069226
54.751335
10.119400
9.069226
54.701340
10.119400
9.069226
62.651337
16.269400
9.069226
62.701340
16.269400
9.069226
-1.098663
10.119400
9.069226
-1.148663
10.119400
9.069226
6.851337
16.269400
9.069226
6.901337
10.119400
9.069226
70.651337
16.269400
9.069226
70.701340
16.269400
9.069226
62.701340
10.119400
9.069226
62.651337
16.269400
9.069226
6.901337
10.119400
9.069226
6.851337
10.119400
9.069226
14.801338
16.269400
9.069226
14.851337
10.119400
9.069226
30.751339
16.269400
9.069226
30.801338
16.269400
9.069226
22.851337
10.119400
9.069226
22.801338
16.269400
9.069226
14.851337
10.119400
9.069226
14.801338
10.119400
9.069226
22.801338
16.269400
9.069226
22.851337
16.269400
9.069226
30.801338
10.119400
9.069226
30.751339
10.119400
9.069226
38.751335
16.269400
9.069226
38.801338
-10.430599
9.069226
102.851334
-10.430599
9.069226
102.451340
-12.330600
9.069226
102.451340
-10.130600
9.069226
103.451340
-10.430599
9.069226
102.851334
-12.330600
9.069226
102.451340
-9.480600
9.069226
103.801346
-10.130600
9.069226
103.451340
-12.330600
9.069226
102.451340
-12.330600
9.069226
111.201340
12.869400
9.069226
138.251343
12.869400
9.069226
138.551346
16.269400
9.069226
138.551346
12.569401
9.069226
137.651337
12.869400
9.069226
138.251343
16.269400
9.069226
138.551346
11.919401
9.069226
137.301346
12.569401
9.069226
137.651337
16.269400
9.069226
138.551346
16.269400
9.069226
129.551346
16.269400
9.069226
102.601334
10.119400
9.069226
102.551346
10.119400
9.069226
102.851334
16.269400
9.069226
102.601334
10.119400
9.069226
102.851334
9.819401
9.069226
103.451340
16.269400
9.069226
102.601334
9.819401
9.069226
103.451340
9.169401
9.069226
103.801346
16.269400
9.069226
111.551346
-0.030600
9.069226
137.301346
5.919401
9.069226
137.301346
16.269400
9.069226
129.551346
16.269400
9.069226
120.551346
-12.330600
9.069226
128.701340
-12.330600
9.069226
137.501343
-11.930600
9.069226
137.301346
16.269400
9.069226
111.551346
9.169401
9.069226
103.801346
-0.180600
9.069226
103.801346
-12.330600
9.069226
119.951340
-12.330600
9.069226
128.701340
-0.030600
9.069226
137.301346
16.269400
9.069226
120.551346
16.269400
9.069226
111.551346
-0.180600
9.069226
103.801346
-12.330600
9.069226
128.701340
-11.930600
9.069226
137.301346
-5.980599
9.069226
137.301346
5.919401
9.069226
137.301346
11.919401
9.069226
137.301346
16.269400
9.069226
129.551346
-0.180600
9.069226
103.801346
-9.480600
9.069226
103.801346
-12.330600
9.069226
111.201340
-12.330600
9.069226
119.951340
-12.330600
9.069226
128.701340
-5.980599
9.069226
137.301346
-0.030600
9.069226
137.301346
16.269400
9.069226
138.551346
12.869400
9.069226
138.551346
12.869400
9.069226
138.851334
16.269400
9.069226
138.551346
12.869400
9.069226
138.851334
12.569401
9.069226
139.451340
16.269400
9.069226
138.551346
12.569401
9.069226
139.451340
11.919401
9.069226
139.801346
16.269400
9.069226
146.451340
-11.930600
9.069226
139.801346
-12.330600
9.069226
139.601334
-12.330600
9.069226
147.201340
-12.330600
9.069226
154.851334
-12.330600
9.069226
162.501343
1.969400
9.069226
170.151337
16.269400
9.069226
154.351334
16.269400
9.069226
146.451340
-0.030600
9.069226
139.801346
-5.980599
9.069226
139.801346
-11.930600
9.069226
139.801346
-12.330600
9.069226
147.201340
-12.330600
9.069226
162.501343
-12.330600
9.069226
170.151337
-5.180600
9.069226
170.151337
9.119400
9.069226
170.151337
16.269400
9.069226
170.151337
16.269400
9.069226
162.251343
16.269400
9.069226
146.451340
11.919401
9.069226
139.801346
5.919401
9.069226
139.801346
-0.030600
9.069226
139.801346
-5.980599
9.069226
139.801346
-12.330600
9.069226
147.201340
-12.330600
9.069226
154.851334
-12.330600
9.069226
162.501343
-5.180600
9.069226
170.151337
1.969400
9.069226
170.151337
1.969400
9.069226
170.151337
9.119400
9.069226
170.151337
16.269400
9.069226
162.251343
16.269400
9.069226
154.351334
16.269400
9.069226
146.451340
5.919401
9.069226
139.801346
-0.030600
9.069226
139.801346
0
3
0
1
3
3
1
1
6
3
2
1
9
3
3
1
12
3
4
1
15
3
5
1
18
3
6
1
21
3
7
1
24
4
8
2
28
4
10
2
32
4
12
2
36
4
14
2
40
4
16
2
44
4
18
2
48
4
20
2
52
4
22
2
56
5
24
3
61
5
27
3
66
4
30
2
70
4
32
2
74
4
34
2
78
4
36
2
82
4
38
2
86
4
40
2
90
4
42
2
94
4
44
2
98
4
46
2
102
4
48
2
106
4
50
2
110
4
52
2
114
4
54
2
118
4
56
2
122
4
58
2
126
4
60
2
130
4
62
2
134
4
64
2
138
4
66
2
142
4
68
2
146
3
70
1
149
3
71
1
152
3
72
1
155
3
73
1
158
5
74
3
163
5
77
3
168
4
80
2
172
4
82
2
176
4
84
2
180
4
86
2
184
4
88
2
188
4
90
2
192
4
92
2
196
4
94
2
200
4
96
2
204
4
98
2
208
4
100
2
212
4
102
2
216
4
104
2
220
4
106
2
224
4
108
2
228
4
110
2
232
4
112
2
236
4
114
2
240
4
116
2
244
4
118
2
248
4
120
2
252
4
122
2
256
4
124
2
260
4
126
2
264
4
128
2
268
4
130
2
272
4
132
2
276
4
134
2
280
4
136
2
284
4
138
2
288
4
140
2
292
4
142
2
296
4
144
2
300
4
146
2
304
4
148
2
308
4
150
2
312
4
152
2
316
4
154
2
320
4
156
2
324
4
158
2
328
4
160
2
332
4
162
2
336
4
164
2
340
4
166
2
344
3
168
1
347
3
169
1
350
4
170
2
354
3
172
1
357
3
173
1
360
4
174
2
364
3
176
1
367
3
177
1
370
4
178
2
374
4
180
2
378
3
182
1
381
3
183
1
384
6
184
4
390
3
188
1
393
3
189
1
396
4
190
2
400
3
192
1
403
3
193
1
406
3
194
1
409
4
195
2
413
3
197
1
416
6
198
4
422
3
202
1
425
3
203
1
428
3
204
1
431
3
205
1
434
4
206
2
438
3
208
1
441
4
209
2
445
3
211
1
218
118
212
6
0.050000
0.050000
0
1.000000
-14.630600
-8.380774
-26.598663
17.707901
15.353525
193.993607
46
435
21
46
435
157
46
435
294
46
435
430
46
435
567
46
435
703
46
435
840
46
435
976
46
435
1113
46
435
1249
46
435
1386
46
435
1522
46
435
1659
46
435
1795
46
435
1932
46
435
2069
46
435
2206
46
435
2342
46
435
2479
46
435
2615
46
435
2752
46
435
2888
46
435
3025
46
435
3161
46
435
3298
46
435
3434
46
435
3571
46
435
3707
46
435
3844
46
435
3980
46
435
4117
46
435
4254
46
435
4391
189
435
4391
332
435
4391
475
435
4391
618
435
4391
618
435
4254
618
435
4117
618
435
3980
618
435
3844
618
435
3707
618
435
3571
618
435
3434
618
435
3298
618
435
3161
618
435
3025
618
435
2888
618
435
2752
618
435
2615
618
435
2479
618
435
2342
618
435
2206
618
435
2069
618
435
1932
618
435
1795
618
435
1659
618
435
1522
618
435
1386
618
435
1249
618
435
1113
618
435
976
618
435
840
618
435
703
618
435
567
618
435
430
618
435
294
618
435
157
618
435
21
475
435
21
332
435
21
189
435
21
125
349
24
125
349
182
125
349
341
125
349
500
125
349
659
125
349
818
125
349
977
125
349
1136
125
349
1295
125
349
1454
125
349
1613
125
349
1772
125
349
1931
125
349
2090
125
349
2249
125
349
2408
125
349
2567
289
349
2567
454
349
2567
454
349
2408
454
349
2249
454
349
2090
454
349
1931
454
349
1772
454
349
1613
454
349
1454
454
349
1295
454
349
1136
454
349
977
454
349
818
454
349
659
454
349
500
454
349
341
454
349
182
454
349
24
289
349
24
46
348
2581
84
348
2581
84
348
2421
84
348
2262
84
348
2102
84
348
1943
84
348
1783
84
348
1624
84
348
1465
84
348
1306
84
348
1146
84
348
987
84
348
828
84
348
669
84
348
509
84
348
350
84
348
191
84
348
32
46
348
32
46
348
191
46
348
350
46
348
509
46
348
669
46
348
828
46
348
987
46
348
1146
46
348
1306
46
348
1465
46
348
1624
46
348
1783
46
348
1943
46
348
2102
46
348
2262
46
348
2421
495
348
2583
618
348
2584
618
348
2424
618
348
2265
618
348
2105
618
348
1946
618
348
1786
618
348
1627
618
348
1467
618
348
1308
618
348
1148
618
348
989
618
348
829
618
348
670
618
348
510
618
348
351
618
348
191
618
348
32
495
348
32
495
348
191
495
348
350
495
348
509
495
348
669
495
348
828
495
348
988
495
348
1147
495
348
1307
495
348
1466
495
348
1626
495
348
1785
495
348
1945
495
348
2104
495
348
2264
495
348
2423
46
348
2756
46
348
2931
46
348
3106
46
348
3282
54
348
3278
173
348
3278
292
348
3278
411
348
3278
531
348
3278
544
348
3285
550
348
3297
550
348
3303
618
348
3303
618
348
3123
618
348
2943
618
348
2763
495
348
2589
489
348
2601
476
348
2608
289
348
2608
103
348
2608
90
348
2601
84
348
2589
550
348
3309
544
348
3321
531
348
3328
411
348
3328
292
348
3328
173
348
3328
54
348
3328
46
348
3324
46
348
3476
46
348
3629
46
348
3782
46
348
3935
189
348
3935
332
348
3935
475
348
3935
618
348
3935
618
348
3777
618
348
3619
618
348
3461
67
68
69
65535
65535
65535
65535
65535
4
65535
65535
65535
71
0
1
65535
65535
65535
65535
65535
5
65535
65535
65535
31
32
33
65535
65535
65535
65535
65535
6
65535
65535
65535
35
36
37
65535
65535
65535
65535
65535
7
65535
65535
65535
66
67
69
65535
65535
65535
65535
0
8
65535
65535
65535
71
1
2
65535
65535
65535
1
65535
9
65535
65535
65535
30
31
33
65535
65535
65535
65535
2
10
65535
65535
65535
35
37
38
65535
65535
65535
3
65535
11
65535
65535
65535
66
69
70
65
65535
65535
4
65535
17
65535
65535
65535
70
71
2
3
65535
65535
65535
5
65535
17
65535
65535
30
33
34
29
65535
65535
6
65535
16
65535
65535
65535
34
35
38
39
65535
65535
65535
7
65535
16
65535
65535
60
61
7
8
65535
65535
65535
37
65535
31
65535
65535
18
19
49
50
65535
65535
65535
36
65535
15
65535
65535
14
15
53
54
65535
65535
65535
18
65535
35
65535
65535
17
18
50
51
65535
65535
65535
13
65535
21
65535
65535
29
34
39
40
28
65535
10
11
65535
20
65535
65535
65
70
3
4
64
65535
8
9
65535
25
65535
65535
15
16
52
53
65535
65535
65535
21
65535
14
65535
65535
57
58
10
11
65535
65535
65535
23
65535
29
65535
65535
27
28
40
41
65535
65535
65535
16
65535
22
65535
65535
16
17
51
52
65535
65535
65535
15
65535
18
65535
65535
26
27
41
42
65535
65535
65535
20
65535
24
65535
65535
58
59
9
10
65535
65535
65535
31
65535
19
65535
65535
25
26
42
43
65535
65535
65535
22
65535
26
65535
65535
63
64
4
5
65535
65535
65535
17
65535
33
65535
65535
24
25
43
44
65535
65535
65535
24
65535
28
65535
65535
55
56
12
13
65535
65535
65535
29
65535
35
65535
65535
23
24
44
45
65535
65535
65535
26
65535
30
65535
65535
11
12
56
57
65535
65535
65535
27
65535
19
65535
65535
22
23
45
46
65535
65535
65535
28
65535
32
65535
65535
8
9
59
60
65535
65535
65535
23
65535
12
65535
65535
21
22
46
47
65535
65535
65535
30
65535
34
65535
65535
62
63
5
6
65535
65535
65535
25
65535
37
65535
65535
20
21
47
48
65535
65535
65535
32
65535
36
65535
65535
13
14
54
55
65535
65535
65535
14
65535
27
65535
65535
19
20
48
49
65535
65535
65535
34
65535
13
65535
65535
61
62
6
7
65535
65535
65535
33
65535
12
65535
65535
107
72
73
65535
65535
65535
65535
65535
43
65535
65535
65535
87
88
89
65535
65535
65535
65535
65535
42
65535
65535
65535
105
106
107
65535
65535
65535
65535
65535
43
65535
65535
65535
89
90
91
65535
65535
65535
65535
65535
42
65535
65535
65535
87
89
91
92
86
65535
39
41
65535
46
65535
65535
105
107
73
74
104
65535
40
38
65535
47
65535
65535
98
99
79
80
65535
65535
65535
55
65535
45
65535
65535
80
81
97
98
65535
65535
65535
54
65535
44
65535
65535
85
86
92
93
65535
65535
65535
42
65535
48
65535
65535
103
104
74
75
65535
65535
65535
43
65535
49
65535
65535
84
85
93
94
65535
65535
65535
46
65535
50
65535
65535
102
103
75
76
65535
65535
65535
47
65535
51
65535
65535
83
84
94
95
65535
65535
65535
48
65535
52
65535
65535
101
102
76
77
65535
65535
65535
49
65535
53
65535
65535
82
83
95
96
65535
65535
65535
50
65535
54
65535
65535
100
101
77
78
65535
65535
65535
51
65535
55
65535
65535
81
82
96
97
65535
65535
65535
52
65535
45
65535
65535
99
100
78
79
65535
65535
65535
53
65535
44
65535
65535
124
125
126
127
65535
65535
65535
65535
65535
58
65535
65535
113
114
137
138
65535
65535
65535
59
65535
67
65535
65535
123
124
127
128
65535
65535
65535
56
65535
60
65535
65535
136
137
114
115
65535
65535
65535
57
65535
61
65535
65535
122
123
128
129
65535
65535
65535
58
65535
66
65535
65535
135
136
115
116
65535
65535
65535
59
65535
65
65535
65535
108
109
110
141
65535
65535
88
65535
64
65535
65535
65535
139
140
111
112
65535
65535
65535
64
65535
67
65535
65535
140
141
110
111
65535
65535
65535
62
65535
63
65535
65535
134
135
116
117
65535
65535
65535
61
65535
69
65535
65535
121
122
129
130
65535
65535
65535
60
65535
68
65535
65535
138
139
112
113
65535
65535
65535
63
65535
57
65535
65535
120
121
130
131
65535
65535
65535
66
65535
70
65535
65535
117
118
133
134
65535
65535
65535
71
65535
65
65535
65535
119
120
131
132
65535
65535
65535
68
65535
71
65535
65535
132
133
118
119
65535
65535
65535
69
65535
70
65535
65535
142
143
144
175
65535
65535
94
65535
74
65535
65535
65535
174
145
146
173
65535
65535
74
65535
77
65535
65535
65535
175
144
145
174
65535
65535
72
65535
73
65535
65535
65535
150
169
170
149
65535
65535
79
65535
81
65535
65535
65535
158
159
160
161
65535
65535
65535
65535
65535
78
65535
65535
173
146
147
172
65535
65535
73
65535
83
65535
65535
65535
158
161
162
157
65535
65535
76
65535
80
65535
65535
65535
169
150
151
168
65535
65535
75
65535
87
65535
65535
65535
157
162
163
156
65535
65535
78
65535
82
65535
65535
65535
149
170
171
148
65535
65535
75
65535
83
65535
65535
65535
156
163
164
155
65535
65535
80
65535
84
65535
65535
65535
172
147
148
171
65535
65535
77
65535
81
65535
65535
65535
155
164
165
154
65535
65535
82
65535
86
65535
65535
65535
167
152
153
166
65535
65535
87
65535
86
65535
65535
65535
154
165
166
153
65535
65535
84
65535
85
65535
65535
65535
152
167
168
151
65535
65535
85
65535
79
65535
65535
65535
198
109
108
65535
65535
65535
65535
62
89
65535
65535
65535
197
198
108
65535
65535
65535
65535
88
90
65535
65535
65535
196
197
108
176
65535
65535
65535
89
65535
103
65535
65535
186
187
188
65535
65535
65535
65535
105
92
65535
65535
65535
185
186
188
65535
65535
65535
65535
91
93
65535
65535
65535
184
185
188
189
65535
65535
65535
92
65535
102
65535
65535
143
142
192
65535
65535
65535
72
65535
95
65535
65535
65535
143
192
193
65535
65535
65535
94
65535
96
65535
65535
65535
143
193
194
191
65535
65535
95
65535
99
65535
65535
65535
182
183
189
190
65535
65535
65535
102
65535
100
65535
65535
178
179
180
65535
65535
65535
65535
65535
101
65535
65535
65535
191
194
195
65535
65535
65535
96
65535
100
65535
65535
65535
177
178
182
190
191
195
65535
104
97
65535
99
103
178
180
181
65535
65535
65535
98
65535
104
65535
65535
65535
183
184
189
65535
65535
65535
65535
93
97
65535
65535
65535
195
196
176
177
65535
65535
65535
90
65535
100
65535
65535
178
181
182
65535
65535
65535
101
65535
100
65535
65535
65535
188
187
199
65535
65535
65535
91
65535
106
65535
65535
65535
188
199
200
65535
65535
65535
105
65535
107
65535
65535
65535
188
200
201
217
65535
65535
106
65535
113
65535
65535
65535
205
206
207
65535
65535
65535
65535
65535
110
65535
65535
65535
208
209
212
216
217
203
65535
115
116
65535
117
114
204
205
207
65535
65535
65535
65535
108
114
65535
65535
65535
209
210
211
65535
65535
65535
65535
65535
115
65535
65535
65535
213
214
215
65535
65535
65535
65535
65535
116
65535
65535
65535
217
201
202
65535
65535
65535
107
65535
117
65535
65535
65535
203
204
207
208
65535
65535
65535
110
65535
109
65535
65535
209
211
212
65535
65535
65535
111
65535
109
65535
65535
65535
212
213
215
216
65535
65535
65535
112
65535
109
65535
65535
217
202
203
65535
65535
65535
113
65535
109
65535
65535
65535
65535
65535
65535
65535
65535
65535
65535
65535
65535
65535
65535
65535
65535
65535
65535
65535
65535
65535
65535
65535
65535
65535
65535
65535
65535
65535
65535
65535
65535
65535
65535
65535
65535
65535
65535
65535
65535
65535
65535
65535
65535
65535
65535
65535
65535
65535
65535
65535
65535
65535
65535
65535
65535
65535
65535
65535
65535
65535
65535
65535
65535
65535
65535
65535
65535
65535
65535
65535
65535
65535
65535
65535
65535
65535
65535
65535
65535
65535
65535
65535
65535
65535
65535
65535
65535
65535
65535
65535
65535
65535
65535
65535
65535
65535
65535
65535
65535
65535
65535
65535
65535
65535
65535
65535
65535
65535
65535
65535
65535
65535
65535
65535
65535
65535
65535
65535
65535
65535
65535
65535
65535
65535
65535
65535
65535
65535
65535
65535
65535
65535
65535
65535
65535
65535
65535
65535
65535
65535
65535
65535
65535
65535
65535
65535
65535
65535
65535
65535
65535
65535
65535
65535
65535
65535
65535
65535
65535
65535
65535
65535
65535
65535
65535
65535
65535
65535
65535
65535
65535
65535
65535
65535
65535
65535
65535
65535
65535
65535
65535
65535
65535
65535
65535
65535
65535
65535
65535
65535
65535
65535
65535
65535
65535
65535
65535
65535
65535
65535
65535
65535
65535
65535
65535
65535
65535
65535
65535
65535
65535
65535
65535
65535
65535
65535
65535
65535
65535
65535
65535
65535
65535
65535
65535
65535
65535
65535
65535
65535
65535
65535
65535
65535
65535
65535
65535
65535
65535
65535
65535
65535
65535
65535
65535
65535
65535
65535
65535
65535
65535
65535
65535
65535
65535
65535
65535
65535
65535
65535
65535
65535
65535
65535
65535
65535
65535
65535
65535
65535
65535
65535
65535
65535
65535
65535
65535
65535
65535
65535
65535
65535
65535
65535
65535
65535
65535
65535
65535
65535
65535
65535
65535
65535
65535
65535
65535
65535
65535
65535
65535
65535
65535
65535
65535
65535
65535
65535
65535
65535
65535
65535
65535
65535
65535
65535
65535
65535
65535
65535
65535
65535
65535
65535
65535
65535
65535
65535
65535
65535
65535
65535
65535
65535
65535
65535
65535
65535
65535
65535
65535
65535
65535
65535
65535
65535
65535
65535
65535
65535
65535
65535
65535
65535
65535
65535
65535
65535
65535
65535
65535
65535
65535
65535
65535
65535
65535
65535
65535
65535
65535
65535
65535
65535
65535
65535
65535
65535
65535
65535
65535
65535
65535
65535
65535
65535
65535
65535
65535
65535
65535
65535
65535
65535
65535
65535
65535
65535
65535
65535
65535
65535
65535
65535
65535
65535
65535
65535
65535
65535
65535
65535
65535
65535
65535
65535
65535
65535
65535
65535
65535
65535
65535
65535
65535
65535
65535
65535
65535
65535
65535
65535
65535
65535
65535
65535
65535
65535
65535
65535
65535
65535
65535
65535
65535
65535
65535
65535
65535
65535
65535
65535
65535
65535
65535
65535
65535
65535
65535
65535
65535
65535
65535
65535
65535
65535
65535
65535
65535
65535
65535
65535
65535
65535
65535
65535
65535
65535
65535
65535
65535
65535
65535
65535
65535
65535
65535
65535
65535
65535
65535
65535
65535
65535
65535
65535
65535
65535
65535
65535
65535
65535
65535
65535
65535
65535
65535
65535
65535
65535
65535
65535
65535
65535
65535
65535
65535
65535
65535
65535
65535
65535
65535
65535
65535
65535
65535
65535
65535
65535
65535
65535
65535
65535
65535
65535
65535
65535
65535
65535
65535
65535
65535
65535
65535
65535
65535
65535
65535
65535
65535
65535
65535
65535
65535
65535
65535
65535
65535
65535
65535
65535
65535
65535
65535
65535
65535
65535
65535
65535
65535
65535
65535
65535
65535
65535
65535
65535
65535
65535
65535
65535
65535
65535
65535
65535
65535
65535
65535
65535
65535
65535
65535
65535
65535
65535
65535
65535
65535
65535
65535
65535
65535
65535
65535
65535
65535
65535
65535
65535
65535
65535
65535
65535
65535
65535
65535
65535
65535
65535
65535
65535
65535
65535
65535
65535
65535
65535
65535
65535
65535
65535
65535
65535
65535
65535
65535
65535
65535
65535
65535
65535
65535
65535
65535
65535
65535
65535
65535
65535
65535
65535
65535
65535
65535
65535
65535
65535
65535
65535
65535
65535
65535
65535
65535
65535
65535
65535
65535
65535
65535
65535
65535
65535
65535
65535
65535
65535
65535
65535
65535
65535
65535
65535
65535
65535
65535
65535
65535
65535
65535
65535
65535
65535
65535
65535
65535
65535
65535
65535
65535
65535
65535
65535
65535
65535
65535
65535
65535
65535
65535
65535
65535
65535
65535
65535
65535
65535
65535
65535
65535
65535
65535
65535
65535
65535
65535
65535
65535
65535
65535
65535
65535
65535
65535
65535
65535
65535
65535
65535
65535
65535
65535
65535
65535
65535
65535
65535
65535
65535
65535
65535
65535
65535
65535
65535
65535
65535
65535
65535
65535
65535
65535
65535
65535
65535
65535
65535
65535
65535
65535
65535
65535
65535
65535
65535
65535
65535
65535
65535
65535
65535
65535
65535
65535
65535
65535
65535
65535
65535
65535
65535
65535
65535
65535
65535
65535
65535
65535
65535
65535
65535
65535
65535
65535
65535
65535
65535
65535
65535
65535
65535
65535
65535
65535
65535
65535
65535
65535
65535
65535
65535
65535
65535
65535
65535
65535
65535
65535
65535
65535
65535
65535
65535
65535
65535
65535
65535
65535
65535
65535
65535
65535
65535
65535
65535
65535
65535
65535
65535
65535
65535
65535
65535
65535
65535
65535
65535
65535
65535
65535
65535
65535
65535
65535
65535
65535
65535
65535
65535
65535
65535
65535
65535
65535
65535
65535
65535
65535
65535
65535
65535
65535
65535
65535
65535
65535
65535
65535
65535
65535
65535
65535
65535
65535
65535
65535
65535
65535
65535
65535
65535
65535
65535
65535
65535
65535
65535
65535
65535
65535
65535
65535
65535
65535
65535
65535
65535
65535
65535
65535
65535
65535
65535
65535
65535
65535
65535
65535
65535
65535
65535
65535
65535
65535
65535
65535
65535
65535
65535
65535
65535
65535
65535
65535
65535
65535
65535
65535
65535
65535
65535
65535
65535
65535
65535
65535
65535
65535
65535
65535
65535
65535
65535
65535
65535
65535
65535
65535
65535
65535
65535
65535
65535
65535
65535
65535
65535
65535
65535
65535
65535
65535
65535
65535
65535
65535
65535
65535
65535
65535
65535
65535
65535
65535
65535
65535
65535
65535
65535
65535
65535
65535
65535
65535
65535
65535
65535
65535
65535
65535
65535
65535
65535
65535
65535
65535
65535
65535
65535
65535
65535
65535
65535
65535
65535
65535
65535
65535
65535
65535
65535
65535
65535
65535
65535
65535
65535
65535
65535
65535
65535
65535
65535
65535
65535
65535
65535
65535
65535
65535
65535
65535
65535
65535
65535
65535
65535
65535
65535
65535
65535
65535
65535
65535
65535
65535
65535
65535
65535
65535
65535
65535
65535
65535
65535
65535
65535
65535
65535
65535
65535
65535
65535
65535
65535
65535
65535
65535
65535
65535
65535
65535
65535
65535
65535
65535
65535
65535
65535
65535
65535
65535
65535
65535
65535
65535
65535
65535
65535
65535
65535
65535
65535
65535
65535
65535
65535
65535
65535
65535
65535
65535
65535
65535
65535
65535
65535
65535
65535
1
1
63
1
1
63
1
1
63
1
1
63
1
1
63
1
1
63
1
1
63
1
1
63
1
1
63
1
1
63
1
1
63
1
1
63
1
1
63
1
1
63
1
1
63
1
1
63
1
1
63
1
1
63
1
1
63
1
1
63
1
1
63
1
1
63
1
1
63
1
1
63
1
1
63
1
1
63
1
1
63
1
1
63
1
1
63
1
1
63
1
1
63
1
1
63
1
1
63
1
1
63
1
1
63
1
1
63
1
1
63
1
1
63
4
1
63
4
1
63
4
1
63
4
1
63
4
1
63
4
1
63
4
1
63
4
1
63
4
1
63
4
1
63
4
1
63
4
1
63
4
1
63
4
1
63
4
1
63
4
1
63
4
1
63
4
1
63
6
1
63
6
1
63
6
1
63
6
1
63
6
1
63
6
1
63
6
1
63
6
1
63
6
1
63
6
1
63
6
1
63
6
1
63
6
1
63
6
1
63
6
1
63
6
1
63
5
1
63
5
1
63
5
1
63
5
1
63
5
1
63
5
1
63
5
1
63
5
1
63
5
1
63
5
1
63
5
1
63
5
1
63
5
1
63
5
1
63
5
1
63
5
1
63
2
1
63
2
1
63
2
1
63
2
1
63
2
1
63
2
1
63
2
1
63
2
1
63
2
1
63
2
1
63
2
1
63
2
1
63
2
1
63
2
1
63
2
1
63
2
1
63
2
1
63
3
1
63
3
1
63
3
1
63
3
1
63
3
1
63
3
1
63
3
1
63
3
1
63
3
1
63
3
1
63
3
1
63
3
1
63
3
1
63
0
65021
0
0
65021
0
0
56797
0
0
56797
0
0
56797
0
0
56797
0
0
56797
0
0
56797
0
0
56797
0
0
56797
0
0
56797
0
0
56797
0
0
56797
0
0
56797
0
0
33722
0
0
62966
0
0
28980
0
0
2322
0
0
37264
0
0
1071
0
0
0
0
0
0
0
0
53312
0
0
1317
0
0
0
0
0
0
0
0
0
0
0
0
0
0
0
0
0
0
0
0
0
0
0
0
0
0
1
0
0
0
0
0
2147
0
0
0
0
0
0
0
0
0
0
0
51990
0
0
0
0
0
65021
0
0
65021
0
0
54464
0
0
1319
0
0
0
0
0
0
0
0
60909
0
0
60909
0
0
60909
0
0
60909
0
0
23894
0
0
16193
0
0
23826
0
0
15877
0
0
27642
0
0
16164
0
0
6059
0
0
48906
0
0
0
0
0
1283
0
0
0
0
0
0
0
0
0
0
0
49024
0
0
27275
0
0
11836
0
0
16384
0
0
14631
0
0
3
0
0
7944
0
0
55913
0
0
49021
0
0
24676
0
0
48523
0
0
124
0
0
15841
0
0
62368
0
0
48548
0
0
11
0
0
259
0
0
60697
0
0
48964
0
0
55339
0
0
15872
0
0
24246
0
0
16160
0
0
42545
0
0
48903
0
0
14
0
0
6147
0
0
65503
0
0
49023
0
0
47737
0
0
14740
0
